0 	0 	
1e-09 	26.125 	
2e-09 	26.125 	
3e-09 	26.125 	
4e-09 	45.125 	
5e-09 	45.125 	
6e-09 	45.125 	
7e-09 	49.875 	
8e-09 	52.25 	
9e-09 	52.25 	
1e-08 	52.25 	
1.1e-08 	52.25 	
1.2e-08 	52.25 	
1.3e-08 	52.25 	
1.4e-08 	52.25 	
1.5e-08 	52.25 	
1.6e-08 	52.25 	
1.7e-08 	52.25 	
1.8e-08 	52.25 	
1.9e-08 	52.25 	
2e-08 	52.25 	
2.1e-08 	52.25 	
2.2e-08 	52.25 	
2.3e-08 	52.25 	
2.4e-08 	52.25 	
2.5e-08 	52.25 	
2.6e-08 	52.25 	
2.7e-08 	52.25 	
2.8e-08 	52.25 	
2.9e-08 	52.25 	
3e-08 	52.25 	
3.1e-08 	52.25 	
3.2e-08 	52.25 	
3.3e-08 	52.25 	
3.4e-08 	52.25 	
3.5e-08 	52.25 	
3.6e-08 	52.25 	
3.7e-08 	52.25 	
3.8e-08 	52.25 	
3.9e-08 	52.25 	
4e-08 	52.25 	
4.1e-08 	52.25 	
4.2e-08 	52.25 	
4.3e-08 	52.25 	
4.4e-08 	52.25 	
4.5e-08 	52.25 	
4.6e-08 	52.25 	
4.7e-08 	52.25 	
4.8e-08 	52.25 	
4.9e-08 	52.25 	
5e-08 	52.25 	
5.1e-08 	52.25 	
5.2e-08 	52.25 	
5.3e-08 	52.25 	
5.4e-08 	52.25 	
5.5e-08 	52.25 	
5.6e-08 	52.25 	
5.7e-08 	52.25 	
5.8e-08 	52.25 	
5.9e-08 	52.25 	
6e-08 	52.25 	
6.1e-08 	52.25 	
6.2e-08 	52.25 	
6.3e-08 	52.25 	
6.4e-08 	52.25 	
6.5e-08 	52.25 	
6.6e-08 	52.25 	
6.7e-08 	52.25 	
6.8e-08 	52.25 	
6.9e-08 	52.25 	
7e-08 	52.25 	
7.1e-08 	52.25 	
7.2e-08 	52.25 	
7.3e-08 	52.25 	
7.4e-08 	52.25 	
7.5e-08 	52.25 	
7.6e-08 	52.25 	
7.7e-08 	52.25 	
7.8e-08 	52.25 	
7.9e-08 	52.25 	
8e-08 	52.25 	
8.1e-08 	52.25 	
8.2e-08 	52.25 	
8.3e-08 	52.25 	
8.4e-08 	52.25 	
8.5e-08 	52.25 	
8.6e-08 	52.25 	
8.7e-08 	52.25 	
8.8e-08 	52.25 	
8.9e-08 	52.25 	
9e-08 	52.25 	
9.1e-08 	52.25 	
9.2e-08 	52.25 	
9.3e-08 	52.25 	
9.4e-08 	52.25 	
9.5e-08 	52.25 	
9.6e-08 	52.25 	
9.7e-08 	52.25 	
9.8e-08 	52.25 	
9.9e-08 	52.25 	
1e-07 	52.25 	
1.01e-07 	52.25 	
1.02e-07 	52.25 	
1.03e-07 	52.25 	
1.04e-07 	52.25 	
1.05e-07 	52.25 	
1.06e-07 	52.25 	
1.07e-07 	52.25 	
1.08e-07 	52.25 	
1.09e-07 	52.25 	
1.1e-07 	52.25 	
1.11e-07 	52.25 	
1.12e-07 	52.25 	
1.13e-07 	52.25 	
1.14e-07 	52.25 	
1.15e-07 	52.25 	
1.16e-07 	52.25 	
1.17e-07 	52.25 	
1.18e-07 	52.25 	
1.19e-07 	52.25 	
1.2e-07 	52.25 	
1.21e-07 	52.25 	
1.22e-07 	52.25 	
1.23e-07 	52.25 	
1.24e-07 	52.25 	
1.25e-07 	52.25 	
1.26e-07 	52.25 	
1.27e-07 	52.25 	
1.28e-07 	52.25 	
1.29e-07 	52.25 	
1.3e-07 	52.25 	
1.31e-07 	52.25 	
1.32e-07 	52.25 	
1.33e-07 	52.25 	
1.34e-07 	52.25 	
1.35e-07 	52.25 	
1.36e-07 	52.25 	
1.37e-07 	52.25 	
1.38e-07 	52.25 	
1.39e-07 	52.25 	
1.4e-07 	52.25 	
1.41e-07 	52.25 	
1.42e-07 	52.25 	
1.43e-07 	52.25 	
1.44e-07 	52.25 	
1.45e-07 	52.25 	
1.46e-07 	52.25 	
1.47e-07 	52.25 	
1.48e-07 	52.25 	
1.49e-07 	52.25 	
1.5e-07 	52.25 	
1.51e-07 	52.25 	
1.52e-07 	52.25 	
1.53e-07 	52.25 	
1.54e-07 	52.25 	
1.55e-07 	52.25 	
1.56e-07 	52.25 	
1.57e-07 	52.25 	
1.58e-07 	52.25 	
1.59e-07 	52.25 	
1.6e-07 	52.25 	
1.61e-07 	52.25 	
1.62e-07 	52.25 	
1.63e-07 	52.25 	
1.64e-07 	52.25 	
1.65e-07 	52.25 	
1.66e-07 	52.25 	
1.67e-07 	52.25 	
1.68e-07 	52.25 	
1.69e-07 	52.25 	
1.7e-07 	52.25 	
1.71e-07 	52.25 	
1.72e-07 	52.25 	
1.73e-07 	52.25 	
1.74e-07 	52.25 	
1.75e-07 	52.25 	
1.76e-07 	52.25 	
1.77e-07 	52.25 	
1.78e-07 	52.25 	
1.79e-07 	52.25 	
1.8e-07 	52.25 	
1.81e-07 	52.25 	
1.82e-07 	52.25 	
1.83e-07 	52.25 	
1.84e-07 	52.25 	
1.85e-07 	52.25 	
1.86e-07 	52.25 	
1.87e-07 	52.25 	
1.88e-07 	52.25 	
1.89e-07 	52.25 	
1.9e-07 	52.25 	
1.91e-07 	52.25 	
1.92e-07 	52.25 	
1.93e-07 	52.25 	
1.94e-07 	52.25 	
1.95e-07 	52.25 	
1.96e-07 	52.25 	
1.97e-07 	52.25 	
1.98e-07 	52.25 	
1.99e-07 	52.25 	
2e-07 	52.25 	
2.01e-07 	52.25 	
2.02e-07 	52.25 	
2.03e-07 	52.25 	
2.04e-07 	52.25 	
2.05e-07 	52.25 	
2.06e-07 	52.25 	
2.07e-07 	52.25 	
2.08e-07 	52.25 	
2.09e-07 	52.25 	
2.1e-07 	52.25 	
2.11e-07 	52.25 	
2.12e-07 	52.25 	
2.13e-07 	52.25 	
2.14e-07 	52.25 	
2.15e-07 	52.25 	
2.16e-07 	52.25 	
2.17e-07 	52.25 	
2.18e-07 	52.25 	
2.19e-07 	52.25 	
2.2e-07 	52.25 	
2.21e-07 	52.25 	
2.22e-07 	52.25 	
2.23e-07 	52.25 	
2.24e-07 	52.25 	
2.25e-07 	52.25 	
2.26e-07 	52.25 	
2.27e-07 	52.25 	
2.28e-07 	52.25 	
2.29e-07 	52.25 	
2.3e-07 	52.25 	
2.31e-07 	52.25 	
2.32e-07 	52.25 	
2.33e-07 	52.25 	
2.34e-07 	52.25 	
2.35e-07 	52.25 	
2.36e-07 	52.25 	
2.37e-07 	52.25 	
2.38e-07 	52.25 	
2.39e-07 	52.25 	
2.4e-07 	52.25 	
2.41e-07 	52.25 	
2.42e-07 	52.25 	
2.43e-07 	52.25 	
2.44e-07 	52.25 	
2.45e-07 	52.25 	
2.46e-07 	52.25 	
2.47e-07 	52.25 	
2.48e-07 	52.25 	
2.49e-07 	52.25 	
2.5e-07 	52.25 	
2.51e-07 	52.25 	
2.52e-07 	52.25 	
2.53e-07 	52.25 	
2.54e-07 	52.25 	
2.55e-07 	52.25 	
2.56e-07 	52.25 	
2.57e-07 	52.25 	
2.58e-07 	52.25 	
2.59e-07 	52.25 	
2.6e-07 	52.25 	
2.61e-07 	52.25 	
2.62e-07 	52.25 	
2.63e-07 	52.25 	
2.64e-07 	52.25 	
2.65e-07 	52.25 	
2.66e-07 	52.25 	
2.67e-07 	52.25 	
2.68e-07 	52.25 	
2.69e-07 	52.25 	
2.7e-07 	52.25 	
2.71e-07 	52.25 	
2.72e-07 	52.25 	
2.73e-07 	52.25 	
2.74e-07 	52.25 	
2.75e-07 	52.25 	
2.76e-07 	52.25 	
2.77e-07 	52.25 	
2.78e-07 	52.25 	
2.79e-07 	52.25 	
2.8e-07 	52.25 	
2.81e-07 	52.25 	
2.82e-07 	52.25 	
2.83e-07 	52.25 	
2.84e-07 	52.25 	
2.85e-07 	52.25 	
2.86e-07 	52.25 	
2.87e-07 	52.25 	
2.88e-07 	52.25 	
2.89e-07 	52.25 	
2.9e-07 	52.25 	
2.91e-07 	52.25 	
2.92e-07 	52.25 	
2.93e-07 	52.25 	
2.94e-07 	52.25 	
2.95e-07 	52.25 	
2.96e-07 	52.25 	
2.97e-07 	52.25 	
2.98e-07 	52.25 	
2.99e-07 	52.25 	
3e-07 	52.25 	
3.01e-07 	52.25 	
3.02e-07 	52.25 	
3.03e-07 	52.25 	
3.04e-07 	52.25 	
3.05e-07 	52.25 	
3.06e-07 	52.25 	
3.07e-07 	52.25 	
3.08e-07 	52.25 	
3.09e-07 	52.25 	
3.1e-07 	52.25 	
3.11e-07 	52.25 	
3.12e-07 	52.25 	
3.13e-07 	52.25 	
3.14e-07 	52.25 	
3.15e-07 	52.25 	
3.16e-07 	52.25 	
3.17e-07 	52.25 	
3.18e-07 	52.25 	
3.19e-07 	52.25 	
3.2e-07 	52.25 	
3.21e-07 	52.25 	
3.22e-07 	52.25 	
3.23e-07 	52.25 	
3.24e-07 	52.25 	
3.25e-07 	52.25 	
3.26e-07 	52.25 	
3.27e-07 	52.25 	
3.28e-07 	52.25 	
3.29e-07 	52.25 	
3.3e-07 	52.25 	
3.31e-07 	52.25 	
3.32e-07 	52.25 	
3.33e-07 	52.25 	
3.34e-07 	52.25 	
3.35e-07 	52.25 	
3.36e-07 	52.25 	
3.37e-07 	52.25 	
3.38e-07 	52.25 	
3.39e-07 	52.25 	
3.4e-07 	52.25 	
3.41e-07 	52.25 	
3.42e-07 	52.25 	
3.43e-07 	52.25 	
3.44e-07 	52.25 	
3.45e-07 	52.25 	
3.46e-07 	52.25 	
3.47e-07 	52.25 	
3.48e-07 	52.25 	
3.49e-07 	52.25 	
3.5e-07 	52.25 	
3.51e-07 	52.25 	
3.52e-07 	52.25 	
3.53e-07 	52.25 	
3.54e-07 	52.25 	
3.55e-07 	52.25 	
3.56e-07 	52.25 	
3.57e-07 	52.25 	
3.58e-07 	52.25 	
3.59e-07 	52.25 	
3.6e-07 	52.25 	
3.61e-07 	52.25 	
3.62e-07 	52.25 	
3.63e-07 	52.25 	
3.64e-07 	52.25 	
3.65e-07 	52.25 	
3.66e-07 	52.25 	
3.67e-07 	52.25 	
3.68e-07 	52.25 	
3.69e-07 	52.25 	
3.7e-07 	52.25 	
3.71e-07 	52.25 	
3.72e-07 	52.25 	
3.73e-07 	52.25 	
3.74e-07 	52.25 	
3.75e-07 	52.25 	
3.76e-07 	52.25 	
3.77e-07 	52.25 	
3.78e-07 	52.25 	
3.79e-07 	52.25 	
3.8e-07 	52.25 	
3.81e-07 	52.25 	
3.82e-07 	52.25 	
3.83e-07 	52.25 	
3.84e-07 	52.25 	
3.85e-07 	52.25 	
3.86e-07 	52.25 	
3.87e-07 	52.25 	
3.88e-07 	52.25 	
3.89e-07 	52.25 	
3.9e-07 	52.25 	
3.91e-07 	52.25 	
3.92e-07 	52.25 	
3.93e-07 	52.25 	
3.94e-07 	52.25 	
3.95e-07 	52.25 	
3.96e-07 	52.25 	
3.97e-07 	52.25 	
3.98e-07 	52.25 	
3.99e-07 	52.25 	
4e-07 	52.25 	
4.01e-07 	52.25 	
4.02e-07 	52.25 	
4.03e-07 	52.25 	
4.04e-07 	52.25 	
4.05e-07 	52.25 	
4.06e-07 	52.25 	
4.07e-07 	52.25 	
4.08e-07 	52.25 	
4.09e-07 	52.25 	
4.1e-07 	52.25 	
4.11e-07 	52.25 	
4.12e-07 	52.25 	
4.13e-07 	52.25 	
4.14e-07 	52.25 	
4.15e-07 	52.25 	
4.16e-07 	52.25 	
4.17e-07 	52.25 	
4.18e-07 	52.25 	
4.19e-07 	52.25 	
4.2e-07 	52.25 	
4.21e-07 	52.25 	
4.22e-07 	52.25 	
4.23e-07 	52.25 	
4.24e-07 	52.25 	
4.25e-07 	52.25 	
4.26e-07 	52.25 	
4.27e-07 	52.25 	
4.28e-07 	52.25 	
4.29e-07 	52.25 	
4.3e-07 	52.25 	
4.31e-07 	52.25 	
4.32e-07 	52.25 	
4.33e-07 	52.25 	
4.34e-07 	52.25 	
4.35e-07 	52.25 	
4.36e-07 	52.25 	
4.37e-07 	52.25 	
4.38e-07 	52.25 	
4.39e-07 	52.25 	
4.4e-07 	52.25 	
4.41e-07 	52.25 	
4.42e-07 	52.25 	
4.43e-07 	52.25 	
4.44e-07 	52.25 	
4.45e-07 	52.25 	
4.46e-07 	52.25 	
4.47e-07 	52.25 	
4.48e-07 	52.25 	
4.49e-07 	52.25 	
4.5e-07 	52.25 	
4.51e-07 	52.25 	
4.52e-07 	52.25 	
4.53e-07 	52.25 	
4.54e-07 	52.25 	
4.55e-07 	52.25 	
4.56e-07 	52.25 	
4.57e-07 	52.25 	
4.58e-07 	52.25 	
4.59e-07 	52.25 	
4.6e-07 	52.25 	
4.61e-07 	52.25 	
4.62e-07 	52.25 	
4.63e-07 	52.25 	
4.64e-07 	52.25 	
4.65e-07 	52.25 	
4.66e-07 	52.25 	
4.67e-07 	52.25 	
4.68e-07 	52.25 	
4.69e-07 	52.25 	
4.7e-07 	52.25 	
4.71e-07 	52.25 	
4.72e-07 	52.25 	
4.73e-07 	52.25 	
4.74e-07 	52.25 	
4.75e-07 	52.25 	
4.76e-07 	52.25 	
4.77e-07 	52.25 	
4.78e-07 	52.25 	
4.79e-07 	52.25 	
4.8e-07 	52.25 	
4.81e-07 	52.25 	
4.82e-07 	52.25 	
4.83e-07 	52.25 	
4.84e-07 	52.25 	
4.85e-07 	52.25 	
4.86e-07 	52.25 	
4.87e-07 	52.25 	
4.88e-07 	52.25 	
4.89e-07 	52.25 	
4.9e-07 	52.25 	
4.91e-07 	52.25 	
4.92e-07 	52.25 	
4.93e-07 	52.25 	
4.94e-07 	52.25 	
4.95e-07 	52.25 	
4.96e-07 	52.25 	
4.97e-07 	52.25 	
4.98e-07 	52.25 	
4.99e-07 	52.25 	
5e-07 	52.25 	
