0 	0 	
0.01 	3.89884e-05 	
0.02 	4.03861e-05 	
0.03 	4.10894e-05 	
0.04 	2.93175e-05 	
0.05 	2.97176e-05 	
0.06 	3.01136e-05 	
0.07 	2.82482e-05 	
0.08 	2.75452e-05 	
0.09 	2.78545e-05 	
0.1 	2.81278e-05 	
0.11 	2.83786e-05 	
0.12 	2.86176e-05 	
0.13 	2.88407e-05 	
0.14 	2.9053e-05 	
0.15 	2.92521e-05 	
0.16 	2.94435e-05 	
0.17 	2.96191e-05 	
0.18 	2.97752e-05 	
0.19 	2.992e-05 	
0.2 	3.00543e-05 	
0.21 	3.01776e-05 	
0.22 	3.02973e-05 	
0.23 	3.04168e-05 	
0.24 	3.05299e-05 	
0.25 	3.0634e-05 	
0.26 	3.07328e-05 	
0.27 	3.08287e-05 	
0.28 	3.09182e-05 	
0.29 	3.10029e-05 	
0.3 	3.10843e-05 	
0.31 	3.11655e-05 	
0.32 	3.12448e-05 	
0.33 	3.13144e-05 	
0.34 	3.13818e-05 	
0.35 	3.14482e-05 	
0.36 	3.151e-05 	
0.37 	3.15712e-05 	
0.38 	3.16318e-05 	
0.39 	3.16874e-05 	
0.4 	3.17382e-05 	
0.41 	3.1788e-05 	
0.42 	3.18367e-05 	
0.43 	3.18846e-05 	
0.44 	3.19288e-05 	
0.45 	3.19707e-05 	
0.46 	3.20099e-05 	
0.47 	3.2049e-05 	
0.48 	3.20878e-05 	
0.49 	3.21223e-05 	
0.5 	3.21552e-05 	
0.51 	3.21875e-05 	
0.52 	3.22192e-05 	
0.53 	3.2248e-05 	
0.54 	3.22749e-05 	
0.55 	3.23018e-05 	
0.56 	3.23268e-05 	
0.57 	3.23494e-05 	
0.58 	3.23717e-05 	
0.59 	3.23938e-05 	
0.6 	3.24135e-05 	
0.61 	3.24323e-05 	
0.62 	3.24509e-05 	
0.63 	3.24671e-05 	
0.64 	3.24827e-05 	
0.65 	3.24975e-05 	
0.66 	3.25107e-05 	
0.67 	3.25237e-05 	
0.68 	3.25352e-05 	
0.69 	3.25459e-05 	
0.7 	3.2556e-05 	
0.71 	3.25647e-05 	
0.72 	3.25731e-05 	
0.73 	3.258e-05 	
0.74 	3.25867e-05 	
0.75 	3.25921e-05 	
0.76 	3.25971e-05 	
0.77 	3.26009e-05 	
0.78 	3.26044e-05 	
0.79 	3.26068e-05 	
0.8 	3.26088e-05 	
0.81 	3.26098e-05 	
0.82 	3.26103e-05 	
0.83 	3.26103e-05 	
0.84 	3.26103e-05 	
0.85 	3.26103e-05 	
0.86 	3.26102e-05 	
0.87 	3.26102e-05 	
0.88 	3.26102e-05 	
0.89 	3.26102e-05 	
0.9 	3.26102e-05 	
0.91 	3.26102e-05 	
0.92 	3.26102e-05 	
0.93 	3.26102e-05 	
0.94 	3.26102e-05 	
0.95 	3.26101e-05 	
0.96 	3.26098e-05 	
0.97 	3.26096e-05 	
0.98 	3.26092e-05 	
0.99 	3.26086e-05 	
1 	3.26079e-05 	
1.01 	3.2607e-05 	
1.02 	3.26057e-05 	
1.03 	3.26044e-05 	
1.04 	3.26028e-05 	
1.05 	3.26008e-05 	
1.06 	3.25986e-05 	
1.07 	3.25961e-05 	
1.08 	3.25933e-05 	
1.09 	3.25901e-05 	
1.1 	3.25866e-05 	
1.11 	3.25828e-05 	
1.12 	3.25786e-05 	
1.13 	3.25741e-05 	
1.14 	3.25692e-05 	
1.15 	3.2564e-05 	
1.16 	3.25584e-05 	
1.17 	3.25524e-05 	
1.18 	3.25461e-05 	
1.19 	3.25394e-05 	
1.2 	3.25324e-05 	
1.21 	3.2525e-05 	
1.22 	3.25172e-05 	
1.23 	3.25091e-05 	
1.24 	3.25005e-05 	
1.25 	3.24917e-05 	
1.26 	3.24825e-05 	
1.27 	3.24729e-05 	
1.28 	3.24629e-05 	
1.29 	3.24526e-05 	
1.3 	3.24419e-05 	
1.31 	3.24308e-05 	
1.32 	3.24194e-05 	
1.33 	3.24076e-05 	
1.34 	3.23955e-05 	
1.35 	3.23831e-05 	
1.36 	3.23702e-05 	
1.37 	3.2357e-05 	
1.38 	3.23435e-05 	
1.39 	3.23296e-05 	
1.4 	3.23154e-05 	
1.41 	3.23009e-05 	
1.42 	3.22859e-05 	
1.43 	3.22695e-05 	
1.44 	3.22511e-05 	
1.45 	3.22323e-05 	
1.46 	3.22131e-05 	
1.47 	3.21937e-05 	
1.48 	3.2174e-05 	
1.49 	3.21542e-05 	
1.5 	3.21342e-05 	
1.51 	3.21143e-05 	
1.52 	3.20945e-05 	
1.53 	3.20749e-05 	
1.54 	3.20552e-05 	
1.55 	3.20356e-05 	
1.56 	3.20161e-05 	
1.57 	3.19966e-05 	
1.58 	3.19773e-05 	
1.59 	3.1958e-05 	
1.6 	3.19387e-05 	
1.61 	3.19195e-05 	
1.62 	3.19004e-05 	
1.63 	3.18814e-05 	
1.64 	3.18625e-05 	
1.65 	3.18435e-05 	
1.66 	3.18246e-05 	
1.67 	3.18059e-05 	
1.68 	3.17872e-05 	
1.69 	3.17686e-05 	
1.7 	3.175e-05 	
1.71 	3.17315e-05 	
1.72 	3.1713e-05 	
1.73 	3.16947e-05 	
1.74 	3.16763e-05 	
1.75 	3.1658e-05 	
1.76 	3.16398e-05 	
1.77 	3.16217e-05 	
1.78 	3.16036e-05 	
1.79 	3.15855e-05 	
1.8 	3.15674e-05 	
1.81 	3.15494e-05 	
1.82 	3.15315e-05 	
1.83 	3.15136e-05 	
1.84 	3.14957e-05 	
1.85 	3.14778e-05 	
1.86 	3.14599e-05 	
1.87 	3.14421e-05 	
1.88 	3.14243e-05 	
1.89 	3.14064e-05 	
1.9 	3.13885e-05 	
1.91 	3.13706e-05 	
1.92 	3.13527e-05 	
1.93 	3.13348e-05 	
1.94 	3.13167e-05 	
1.95 	3.12987e-05 	
1.96 	3.12805e-05 	
1.97 	3.12624e-05 	
1.98 	3.1244e-05 	
1.99 	3.12255e-05 	
2 	3.1207e-05 	
2.01 	3.11883e-05 	
2.02 	3.11695e-05 	
2.03 	3.11505e-05 	
2.04 	3.11312e-05 	
2.05 	3.11119e-05 	
2.06 	3.10926e-05 	
2.07 	3.10727e-05 	
2.08 	3.10528e-05 	
2.09 	3.10329e-05 	
2.1 	3.1013e-05 	
2.11 	3.09929e-05 	
2.12 	3.09723e-05 	
2.13 	3.09518e-05 	
2.14 	3.09313e-05 	
2.15 	3.09107e-05 	
2.16 	3.08902e-05 	
2.17 	3.08698e-05 	
2.18 	3.08493e-05 	
2.19 	3.08289e-05 	
2.2 	3.08085e-05 	
2.21 	3.07882e-05 	
2.22 	3.07679e-05 	
2.23 	3.07475e-05 	
2.24 	3.07273e-05 	
2.25 	3.07071e-05 	
2.26 	3.06869e-05 	
2.27 	3.06665e-05 	
2.28 	3.06462e-05 	
2.29 	3.0626e-05 	
2.3 	3.06059e-05 	
2.31 	3.05857e-05 	
2.32 	3.05657e-05 	
2.33 	3.05458e-05 	
2.34 	3.05257e-05 	
2.35 	3.05057e-05 	
2.36 	3.04858e-05 	
2.37 	3.04659e-05 	
2.38 	3.0446e-05 	
2.39 	3.04262e-05 	
2.4 	3.04064e-05 	
2.41 	3.03866e-05 	
2.42 	3.03667e-05 	
2.43 	3.0347e-05 	
2.44 	3.03273e-05 	
2.45 	3.03076e-05 	
2.46 	3.02879e-05 	
2.47 	3.02682e-05 	
2.48 	3.02487e-05 	
2.49 	3.0229e-05 	
2.5 	3.02094e-05 	
2.51 	3.01899e-05 	
2.52 	3.01703e-05 	
2.53 	3.01509e-05 	
2.54 	3.01319e-05 	
2.55 	3.01131e-05 	
2.56 	3.00941e-05 	
2.57 	3.00752e-05 	
2.58 	3.00563e-05 	
2.59 	3.00375e-05 	
2.6 	3.00186e-05 	
2.61 	2.99996e-05 	
2.62 	2.99807e-05 	
2.63 	2.99619e-05 	
2.64 	2.9943e-05 	
2.65 	2.9924e-05 	
2.66 	2.99051e-05 	
2.67 	2.98862e-05 	
2.68 	2.98672e-05 	
2.69 	2.98483e-05 	
2.7 	2.98294e-05 	
2.71 	2.98105e-05 	
2.72 	2.97914e-05 	
2.73 	2.97725e-05 	
2.74 	2.97536e-05 	
2.75 	2.97347e-05 	
2.76 	2.97157e-05 	
2.77 	2.96968e-05 	
2.78 	2.96778e-05 	
2.79 	2.96589e-05 	
2.8 	2.96399e-05 	
2.81 	2.96211e-05 	
2.82 	2.96023e-05 	
2.83 	2.95834e-05 	
2.84 	2.95647e-05 	
2.85 	2.9546e-05 	
2.86 	2.95272e-05 	
2.87 	2.95083e-05 	
2.88 	2.94895e-05 	
2.89 	2.94707e-05 	
2.9 	2.94519e-05 	
2.91 	2.94331e-05 	
2.92 	2.94143e-05 	
2.93 	2.93956e-05 	
2.94 	2.93767e-05 	
2.95 	2.93581e-05 	
2.96 	2.93395e-05 	
2.97 	2.93209e-05 	
2.98 	2.93023e-05 	
2.99 	2.92837e-05 	
3 	2.92655e-05 	
3.01 	2.92472e-05 	
3.02 	2.9229e-05 	
3.03 	2.92109e-05 	
3.04 	2.91929e-05 	
3.05 	2.91748e-05 	
3.06 	2.91567e-05 	
3.07 	2.91387e-05 	
3.08 	2.91208e-05 	
3.09 	2.91028e-05 	
3.1 	2.90848e-05 	
3.11 	2.9067e-05 	
3.12 	2.90491e-05 	
3.13 	2.90313e-05 	
3.14 	2.90134e-05 	
3.15 	2.89957e-05 	
3.16 	2.89779e-05 	
3.17 	2.89602e-05 	
3.18 	2.89425e-05 	
3.19 	2.89249e-05 	
3.2 	2.89072e-05 	
3.21 	2.88896e-05 	
3.22 	2.8872e-05 	
3.23 	2.88544e-05 	
3.24 	2.88369e-05 	
3.25 	2.88194e-05 	
3.26 	2.88021e-05 	
3.27 	2.87847e-05 	
3.28 	2.87672e-05 	
3.29 	2.87498e-05 	
3.3 	2.87325e-05 	
3.31 	2.87152e-05 	
3.32 	2.86978e-05 	
3.33 	2.86805e-05 	
3.34 	2.86631e-05 	
3.35 	2.86458e-05 	
3.36 	2.86284e-05 	
3.37 	2.86112e-05 	
3.38 	2.85939e-05 	
3.39 	2.85766e-05 	
3.4 	2.85593e-05 	
3.41 	2.85421e-05 	
3.42 	2.85249e-05 	
3.43 	2.85076e-05 	
3.44 	2.84904e-05 	
3.45 	2.84734e-05 	
3.46 	2.84567e-05 	
3.47 	2.844e-05 	
3.48 	2.84233e-05 	
3.49 	2.84066e-05 	
3.5 	2.839e-05 	
3.51 	2.83735e-05 	
3.52 	2.83571e-05 	
3.53 	2.83409e-05 	
3.54 	2.83245e-05 	
3.55 	2.83081e-05 	
3.56 	2.82918e-05 	
3.57 	2.82755e-05 	
3.58 	2.82592e-05 	
3.59 	2.82429e-05 	
3.6 	2.82266e-05 	
3.61 	2.82104e-05 	
3.62 	2.81941e-05 	
3.63 	2.81778e-05 	
3.64 	2.81616e-05 	
3.65 	2.81453e-05 	
3.66 	2.81291e-05 	
3.67 	2.81128e-05 	
3.68 	2.80966e-05 	
3.69 	2.80804e-05 	
3.7 	2.80642e-05 	
3.71 	2.8048e-05 	
3.72 	2.80317e-05 	
3.73 	2.80155e-05 	
3.74 	2.79994e-05 	
3.75 	2.79832e-05 	
3.76 	2.7967e-05 	
3.77 	2.79508e-05 	
3.78 	2.79349e-05 	
3.79 	2.79193e-05 	
3.8 	2.79037e-05 	
3.81 	2.78882e-05 	
3.82 	2.78728e-05 	
3.83 	2.78573e-05 	
3.84 	2.78417e-05 	
3.85 	2.78263e-05 	
3.86 	2.78109e-05 	
3.87 	2.77955e-05 	
3.88 	2.77801e-05 	
3.89 	2.77647e-05 	
3.9 	2.77493e-05 	
3.91 	2.7734e-05 	
3.92 	2.77186e-05 	
3.93 	2.77032e-05 	
3.94 	2.76879e-05 	
3.95 	2.76725e-05 	
3.96 	2.76572e-05 	
3.97 	2.76418e-05 	
3.98 	2.76265e-05 	
3.99 	2.76112e-05 	
4 	2.75959e-05 	
4.01 	2.75806e-05 	
4.02 	2.75652e-05 	
4.03 	2.75499e-05 	
4.04 	2.75346e-05 	
4.05 	2.75193e-05 	
4.06 	2.75042e-05 	
4.07 	2.74894e-05 	
4.08 	2.74748e-05 	
4.09 	2.74602e-05 	
4.1 	2.74456e-05 	
4.11 	2.74309e-05 	
4.12 	2.74163e-05 	
4.13 	2.74017e-05 	
4.14 	2.73871e-05 	
4.15 	2.73725e-05 	
4.16 	2.73578e-05 	
4.17 	2.73433e-05 	
4.18 	2.73287e-05 	
4.19 	2.73141e-05 	
4.2 	2.72995e-05 	
4.21 	2.72848e-05 	
4.22 	2.72703e-05 	
4.23 	2.72557e-05 	
4.24 	2.72411e-05 	
4.25 	2.72265e-05 	
4.26 	2.72119e-05 	
4.27 	2.71974e-05 	
4.28 	2.71828e-05 	
4.29 	2.71685e-05 	
4.3 	2.71545e-05 	
4.31 	2.71405e-05 	
4.32 	2.71265e-05 	
4.33 	2.71126e-05 	
4.34 	2.70986e-05 	
4.35 	2.70847e-05 	
4.36 	2.70707e-05 	
4.37 	2.70568e-05 	
4.38 	2.70428e-05 	
4.39 	2.70289e-05 	
4.4 	2.7015e-05 	
4.41 	2.7001e-05 	
4.42 	2.6987e-05 	
4.43 	2.69731e-05 	
4.44 	2.69592e-05 	
4.45 	2.69452e-05 	
4.46 	2.69313e-05 	
4.47 	2.69173e-05 	
4.48 	2.69034e-05 	
4.49 	2.68899e-05 	
4.5 	2.68765e-05 	
4.51 	2.68631e-05 	
4.52 	2.68497e-05 	
4.53 	2.68364e-05 	
4.54 	2.68229e-05 	
4.55 	2.68096e-05 	
4.56 	2.67963e-05 	
4.57 	2.67829e-05 	
4.58 	2.67695e-05 	
4.59 	2.67561e-05 	
4.6 	2.67427e-05 	
4.61 	2.67294e-05 	
4.62 	2.6716e-05 	
4.63 	2.67027e-05 	
4.64 	2.66893e-05 	
4.65 	2.66759e-05 	
4.66 	2.66626e-05 	
4.67 	2.66497e-05 	
4.68 	2.66368e-05 	
4.69 	2.66239e-05 	
4.7 	2.66111e-05 	
4.71 	2.65983e-05 	
4.72 	2.65854e-05 	
4.73 	2.65725e-05 	
4.74 	2.65597e-05 	
4.75 	2.65469e-05 	
4.76 	2.6534e-05 	
4.77 	2.65211e-05 	
4.78 	2.65083e-05 	
4.79 	2.64954e-05 	
4.8 	2.64826e-05 	
4.81 	2.64698e-05 	
4.82 	2.64569e-05 	
4.83 	2.64443e-05 	
4.84 	2.64319e-05 	
4.85 	2.64195e-05 	
4.86 	2.64071e-05 	
4.87 	2.63947e-05 	
4.88 	2.63823e-05 	
4.89 	2.63699e-05 	
4.9 	2.63576e-05 	
4.91 	2.63452e-05 	
4.92 	2.63328e-05 	
4.93 	2.63204e-05 	
4.94 	2.6308e-05 	
4.95 	2.62956e-05 	
4.96 	2.62833e-05 	
4.97 	2.62709e-05 	
4.98 	2.62587e-05 	
4.99 	2.62467e-05 	
5 	2.62347e-05 	
