1e-07 	1.35806e-06 	
2e-07 	2.50108e-06 	
3e-07 	3.56294e-06 	
4e-07 	4.57207e-06 	
5e-07 	5.54204e-06 	
6e-07 	6.48076e-06 	
7e-07 	7.39349e-06 	
8e-07 	8.28398e-06 	
9e-07 	9.15507e-06 	
1e-06 	1.00089e-05 	
1.1e-06 	1.08471e-05 	
1.2e-06 	1.16713e-05 	
1.3e-06 	1.24824e-05 	
1.4e-06 	1.32817e-05 	
1.5e-06 	1.40698e-05 	
1.6e-06 	1.48476e-05 	
1.7e-06 	1.56158e-05 	
1.8e-06 	1.63748e-05 	
1.9e-06 	1.71251e-05 	
2e-06 	1.78673e-05 	
2.1e-06 	1.86017e-05 	
2.2e-06 	1.93288e-05 	
2.3e-06 	2.00488e-05 	
2.4e-06 	2.07621e-05 	
2.5e-06 	2.14688e-05 	
2.6e-06 	2.21693e-05 	
2.7e-06 	2.2864e-05 	
2.8e-06 	2.35528e-05 	
2.9e-06 	2.42361e-05 	
3e-06 	2.4914e-05 	
3.1e-06 	2.55869e-05 	
3.2e-06 	2.62547e-05 	
3.3e-06 	2.69177e-05 	
3.4e-06 	2.75759e-05 	
3.5e-06 	2.82295e-05 	
3.6e-06 	2.88789e-05 	
3.7e-06 	2.95238e-05 	
3.8e-06 	3.01645e-05 	
3.9e-06 	3.08011e-05 	
4e-06 	3.14339e-05 	
4.1e-06 	3.20626e-05 	
4.2e-06 	3.26876e-05 	
4.3e-06 	3.3309e-05 	
4.4e-06 	3.39267e-05 	
4.5e-06 	3.45409e-05 	
4.6e-06 	3.51517e-05 	
4.7e-06 	3.5759e-05 	
4.8e-06 	3.63632e-05 	
4.9e-06 	3.69639e-05 	
5e-06 	3.75616e-05 	
5.1e-06 	3.81564e-05 	
5.2e-06 	3.87477e-05 	
5.3e-06 	3.93364e-05 	
5.4e-06 	3.99221e-05 	
5.5e-06 	4.05046e-05 	
5.6e-06 	4.10847e-05 	
5.7e-06 	4.16619e-05 	
5.8e-06 	4.22362e-05 	
5.9e-06 	4.2808e-05 	
6e-06 	4.33771e-05 	
6.1e-06 	4.39437e-05 	
6.2e-06 	4.45078e-05 	
6.3e-06 	4.50691e-05 	
6.4e-06 	4.56282e-05 	
6.5e-06 	4.6185e-05 	
6.6e-06 	4.67393e-05 	
6.7e-06 	4.7291e-05 	
6.8e-06 	4.78406e-05 	
6.9e-06 	4.8388e-05 	
7e-06 	4.8933e-05 	
7.1e-06 	4.94759e-05 	
7.2e-06 	5.00166e-05 	
7.3e-06 	5.05549e-05 	
7.4e-06 	5.10914e-05 	
7.5e-06 	5.16257e-05 	
7.6e-06 	5.21578e-05 	
7.7e-06 	5.26881e-05 	
7.8e-06 	5.32161e-05 	
7.9e-06 	5.37423e-05 	
8e-06 	5.42666e-05 	
8.1e-06 	5.47886e-05 	
8.2e-06 	5.5309e-05 	
8.3e-06 	5.58277e-05 	
8.4e-06 	5.63441e-05 	
8.5e-06 	5.68588e-05 	
8.6e-06 	5.73719e-05 	
8.7e-06 	5.78828e-05 	
8.8e-06 	5.83922e-05 	
8.9e-06 	5.88999e-05 	
9e-06 	5.94056e-05 	
9.1e-06 	5.99097e-05 	
9.2e-06 	6.04123e-05 	
9.3e-06 	6.09128e-05 	
9.4e-06 	6.14119e-05 	
9.5e-06 	6.19094e-05 	
9.6e-06 	6.24052e-05 	
9.7e-06 	6.2899e-05 	
9.8e-06 	6.33917e-05 	
9.9e-06 	6.38827e-05 	
1e-05 	6.43721e-05 	
1.01e-05 	6.48601e-05 	
1.02e-05 	6.53466e-05 	
1.03e-05 	6.58309e-05 	
1.04e-05 	6.63143e-05 	
1.05e-05 	6.67961e-05 	
1.06e-05 	6.72766e-05 	
1.07e-05 	6.77555e-05 	
1.08e-05 	6.8233e-05 	
1.09e-05 	6.87087e-05 	
1.1e-05 	6.91832e-05 	
1.11e-05 	6.96564e-05 	
1.12e-05 	7.01283e-05 	
1.13e-05 	7.05987e-05 	
1.14e-05 	7.10678e-05 	
1.15e-05 	7.15351e-05 	
1.16e-05 	7.20014e-05 	
1.17e-05 	7.24664e-05 	
1.18e-05 	7.29301e-05 	
1.19e-05 	7.33925e-05 	
1.2e-05 	7.38532e-05 	
1.21e-05 	7.4313e-05 	
1.22e-05 	7.47715e-05 	
1.23e-05 	7.52288e-05 	
1.24e-05 	7.56847e-05 	
1.25e-05 	7.61394e-05 	
1.26e-05 	7.65925e-05 	
1.27e-05 	7.70447e-05 	
1.28e-05 	7.74958e-05 	
1.29e-05 	7.79456e-05 	
1.3e-05 	7.83942e-05 	
1.31e-05 	7.88416e-05 	
1.32e-05 	7.92878e-05 	
1.33e-05 	7.97326e-05 	
1.34e-05 	8.01764e-05 	
1.35e-05 	8.06192e-05 	
1.36e-05 	8.10608e-05 	
1.37e-05 	8.15012e-05 	
1.38e-05 	8.19406e-05 	
1.39e-05 	8.23784e-05 	
1.4e-05 	8.28155e-05 	
1.41e-05 	8.32515e-05 	
1.42e-05 	8.36864e-05 	
1.43e-05 	8.41201e-05 	
1.44e-05 	8.45528e-05 	
1.45e-05 	8.49841e-05 	
1.46e-05 	8.54147e-05 	
1.47e-05 	8.58442e-05 	
1.48e-05 	8.62726e-05 	
1.49e-05 	8.67e-05 	
1.5e-05 	8.71263e-05 	
1.51e-05 	8.75513e-05 	
1.52e-05 	8.79756e-05 	
1.53e-05 	8.83989e-05 	
1.54e-05 	8.88212e-05 	
1.55e-05 	8.92424e-05 	
1.56e-05 	8.96623e-05 	
1.57e-05 	9.00816e-05 	
1.58e-05 	9.04998e-05 	
1.59e-05 	9.09171e-05 	
1.6e-05 	9.13335e-05 	
1.61e-05 	9.17486e-05 	
1.62e-05 	9.21627e-05 	
1.63e-05 	9.25763e-05 	
1.64e-05 	9.29887e-05 	
1.65e-05 	9.34003e-05 	
1.66e-05 	9.3811e-05 	
1.67e-05 	9.42205e-05 	
1.68e-05 	9.4629e-05 	
1.69e-05 	9.50368e-05 	
1.7e-05 	9.54436e-05 	
1.71e-05 	9.58496e-05 	
1.72e-05 	9.62548e-05 	
1.73e-05 	9.66587e-05 	
1.74e-05 	9.70618e-05 	
1.75e-05 	9.74643e-05 	
1.76e-05 	9.78657e-05 	
1.77e-05 	9.82664e-05 	
1.78e-05 	9.86661e-05 	
1.79e-05 	9.9065e-05 	
1.8e-05 	9.94627e-05 	
1.81e-05 	9.98599e-05 	
1.82e-05 	0.000100256 	
1.83e-05 	0.000100652 	
1.84e-05 	0.000101046 	
1.85e-05 	0.00010144 	
1.86e-05 	0.000101833 	
1.87e-05 	0.000102225 	
1.88e-05 	0.000102616 	
1.89e-05 	0.000103006 	
1.9e-05 	0.000103396 	
1.91e-05 	0.000103785 	
1.92e-05 	0.000104173 	
1.93e-05 	0.00010456 	
1.94e-05 	0.000104946 	
1.95e-05 	0.000105332 	
1.96e-05 	0.000105716 	
1.97e-05 	0.0001061 	
1.98e-05 	0.000106483 	
1.99e-05 	0.000106866 	
2e-05 	0.000107247 	
2.01e-05 	0.000107628 	
2.02e-05 	0.000108008 	
2.03e-05 	0.000108388 	
2.04e-05 	0.000108766 	
2.05e-05 	0.000109144 	
2.06e-05 	0.000109521 	
2.07e-05 	0.000109897 	
2.08e-05 	0.000110272 	
2.09e-05 	0.000110648 	
2.1e-05 	0.000111021 	
2.11e-05 	0.000111394 	
2.12e-05 	0.000111767 	
2.13e-05 	0.000112139 	
2.14e-05 	0.00011251 	
2.15e-05 	0.00011288 	
2.16e-05 	0.000113251 	
2.17e-05 	0.000113619 	
2.18e-05 	0.000113987 	
2.19e-05 	0.000114355 	
2.2e-05 	0.000114722 	
2.21e-05 	0.000115088 	
2.22e-05 	0.000115453 	
2.23e-05 	0.000115818 	
2.24e-05 	0.000116182 	
2.25e-05 	0.000116545 	
2.26e-05 	0.000116908 	
2.27e-05 	0.00011727 	
2.28e-05 	0.000117631 	
2.29e-05 	0.000117992 	
2.3e-05 	0.000118351 	
2.31e-05 	0.000118711 	
2.32e-05 	0.000119069 	
2.33e-05 	0.000119428 	
2.34e-05 	0.000119785 	
2.35e-05 	0.000120141 	
2.36e-05 	0.000120497 	
2.37e-05 	0.000120852 	
2.38e-05 	0.000121207 	
2.39e-05 	0.000121561 	
2.4e-05 	0.000121914 	
2.41e-05 	0.000122267 	
2.42e-05 	0.000122619 	
2.43e-05 	0.00012297 	
2.44e-05 	0.000123321 	
2.45e-05 	0.000123671 	
2.46e-05 	0.000124021 	
2.47e-05 	0.000124369 	
2.48e-05 	0.000124718 	
2.49e-05 	0.000125065 	
2.5e-05 	0.000125413 	
2.51e-05 	0.000125759 	
2.52e-05 	0.000126104 	
2.53e-05 	0.00012645 	
2.54e-05 	0.000126794 	
2.55e-05 	0.000127138 	
2.56e-05 	0.000127481 	
2.57e-05 	0.000127824 	
2.58e-05 	0.000128166 	
2.59e-05 	0.000128508 	
2.6e-05 	0.000128849 	
2.61e-05 	0.000129189 	
2.62e-05 	0.000129529 	
2.63e-05 	0.000129868 	
2.64e-05 	0.000130207 	
2.65e-05 	0.000130544 	
2.66e-05 	0.000130882 	
2.67e-05 	0.000131219 	
2.68e-05 	0.000131555 	
2.69e-05 	0.000131891 	
2.7e-05 	0.000132225 	
2.71e-05 	0.00013256 	
2.72e-05 	0.000132894 	
2.73e-05 	0.000133227 	
2.74e-05 	0.00013356 	
2.75e-05 	0.000133892 	
2.76e-05 	0.000134224 	
2.77e-05 	0.000134555 	
2.78e-05 	0.000134885 	
2.79e-05 	0.000135216 	
2.8e-05 	0.000135545 	
2.81e-05 	0.000135874 	
2.82e-05 	0.000136202 	
2.83e-05 	0.00013653 	
2.84e-05 	0.000136857 	
2.85e-05 	0.000137184 	
2.86e-05 	0.00013751 	
2.87e-05 	0.000137836 	
2.88e-05 	0.000138161 	
2.89e-05 	0.000138485 	
2.9e-05 	0.000138809 	
2.91e-05 	0.000139133 	
2.92e-05 	0.000139456 	
2.93e-05 	0.000139778 	
2.94e-05 	0.0001401 	
2.95e-05 	0.000140421 	
2.96e-05 	0.000140742 	
2.97e-05 	0.000141062 	
2.98e-05 	0.000141382 	
2.99e-05 	0.000141701 	
3e-05 	0.00014202 	
3.01e-05 	0.000142339 	
3.02e-05 	0.000142656 	
3.03e-05 	0.000142974 	
3.04e-05 	0.00014329 	
3.05e-05 	0.000143607 	
3.06e-05 	0.000143922 	
3.07e-05 	0.000144237 	
3.08e-05 	0.000144552 	
3.09e-05 	0.000144866 	
3.1e-05 	0.00014518 	
3.11e-05 	0.000145493 	
3.12e-05 	0.000145805 	
3.13e-05 	0.000146118 	
3.14e-05 	0.000146429 	
3.15e-05 	0.000146741 	
3.16e-05 	0.000147051 	
3.17e-05 	0.000147361 	
3.18e-05 	0.000147671 	
3.19e-05 	0.00014798 	
3.2e-05 	0.00014829 	
3.21e-05 	0.000148598 	
3.22e-05 	0.000148905 	
3.23e-05 	0.000149213 	
3.24e-05 	0.000149519 	
3.25e-05 	0.000149826 	
3.26e-05 	0.000150132 	
3.27e-05 	0.000150438 	
3.28e-05 	0.000150742 	
3.29e-05 	0.000151047 	
3.3e-05 	0.000151351 	
3.31e-05 	0.000151654 	
3.32e-05 	0.000151958 	
3.33e-05 	0.00015226 	
3.34e-05 	0.000152562 	
3.35e-05 	0.000152864 	
3.36e-05 	0.000153165 	
3.37e-05 	0.000153466 	
3.38e-05 	0.000153766 	
3.39e-05 	0.000154066 	
3.4e-05 	0.000154365 	
3.41e-05 	0.000154664 	
3.42e-05 	0.000154963 	
3.43e-05 	0.000155261 	
3.44e-05 	0.000155559 	
3.45e-05 	0.000155856 	
3.46e-05 	0.000156152 	
3.47e-05 	0.000156448 	
3.48e-05 	0.000156744 	
3.49e-05 	0.00015704 	
3.5e-05 	0.000157335 	
3.51e-05 	0.000157629 	
3.52e-05 	0.000157923 	
3.53e-05 	0.000158216 	
3.54e-05 	0.00015851 	
3.55e-05 	0.000158802 	
3.56e-05 	0.000159095 	
3.57e-05 	0.000159387 	
3.58e-05 	0.000159678 	
3.59e-05 	0.000159969 	
3.6e-05 	0.00016026 	
3.61e-05 	0.00016055 	
3.62e-05 	0.00016084 	
3.63e-05 	0.000161129 	
3.64e-05 	0.000161418 	
3.65e-05 	0.000161706 	
3.66e-05 	0.000161994 	
3.67e-05 	0.000162282 	
3.68e-05 	0.000162569 	
3.69e-05 	0.000162856 	
3.7e-05 	0.000163142 	
3.71e-05 	0.000163428 	
3.72e-05 	0.000163713 	
3.73e-05 	0.000163998 	
3.74e-05 	0.000164284 	
3.75e-05 	0.000164568 	
3.76e-05 	0.000164851 	
3.77e-05 	0.000165134 	
3.78e-05 	0.000165417 	
3.79e-05 	0.000165701 	
3.8e-05 	0.000165983 	
3.81e-05 	0.000166264 	
3.82e-05 	0.000166546 	
3.83e-05 	0.000166827 	
3.84e-05 	0.000167108 	
3.85e-05 	0.000167388 	
3.86e-05 	0.000167668 	
3.87e-05 	0.000167947 	
3.88e-05 	0.000168225 	
3.89e-05 	0.000168505 	
3.9e-05 	0.000168783 	
3.91e-05 	0.00016906 	
3.92e-05 	0.000169338 	
3.93e-05 	0.000169615 	
3.94e-05 	0.000169892 	
3.95e-05 	0.000170168 	
3.96e-05 	0.000170444 	
3.97e-05 	0.000170719 	
3.98e-05 	0.000170995 	
3.99e-05 	0.000171269 	
4e-05 	0.000171543 	
4.01e-05 	0.000171817 	
4.02e-05 	0.000172091 	
4.03e-05 	0.000172365 	
4.04e-05 	0.000172637 	
4.05e-05 	0.000172909 	
4.06e-05 	0.000173181 	
4.07e-05 	0.000173452 	
4.08e-05 	0.000173725 	
4.09e-05 	0.000173995 	
4.1e-05 	0.000174265 	
4.11e-05 	0.000174535 	
4.12e-05 	0.000174805 	
4.13e-05 	0.000175075 	
4.14e-05 	0.000175344 	
4.15e-05 	0.000175612 	
4.16e-05 	0.00017588 	
4.17e-05 	0.000176148 	
4.18e-05 	0.000176416 	
4.19e-05 	0.000176683 	
4.2e-05 	0.00017695 	
4.21e-05 	0.000177216 	
4.22e-05 	0.000177482 	
4.23e-05 	0.000177748 	
4.24e-05 	0.000178014 	
4.25e-05 	0.000178278 	
4.26e-05 	0.000178543 	
4.27e-05 	0.000178808 	
4.28e-05 	0.000179071 	
4.29e-05 	0.000179335 	
4.3e-05 	0.000179598 	
4.31e-05 	0.00017986 	
4.32e-05 	0.000180124 	
4.33e-05 	0.000180385 	
4.34e-05 	0.000180647 	
4.35e-05 	0.000180908 	
4.36e-05 	0.000181169 	
4.37e-05 	0.00018143 	
4.38e-05 	0.00018169 	
4.39e-05 	0.00018195 	
4.4e-05 	0.00018221 	
4.41e-05 	0.000182469 	
4.42e-05 	0.000182728 	
4.43e-05 	0.000182987 	
4.44e-05 	0.000183245 	
4.45e-05 	0.000183502 	
4.46e-05 	0.00018376 	
4.47e-05 	0.000184018 	
4.48e-05 	0.000184274 	
4.49e-05 	0.000184531 	
4.5e-05 	0.000184787 	
4.51e-05 	0.000185042 	
4.52e-05 	0.000185299 	
4.53e-05 	0.000185554 	
4.54e-05 	0.000185808 	
4.55e-05 	0.000186062 	
4.56e-05 	0.000186317 	
4.57e-05 	0.000186571 	
4.58e-05 	0.000186824 	
4.59e-05 	0.000187077 	
4.6e-05 	0.00018733 	
4.61e-05 	0.000187583 	
4.62e-05 	0.000187835 	
4.63e-05 	0.000188086 	
4.64e-05 	0.000188338 	
4.65e-05 	0.000188589 	
4.66e-05 	0.00018884 	
4.67e-05 	0.00018909 	
4.68e-05 	0.00018934 	
4.69e-05 	0.00018959 	
4.7e-05 	0.000189839 	
4.71e-05 	0.000190089 	
4.72e-05 	0.000190338 	
4.73e-05 	0.000190586 	
4.74e-05 	0.000190834 	
4.75e-05 	0.000191082 	
4.76e-05 	0.00019133 	
4.77e-05 	0.000191577 	
4.78e-05 	0.000191824 	
4.79e-05 	0.00019207 	
4.8e-05 	0.000192316 	
4.81e-05 	0.000192563 	
4.82e-05 	0.000192808 	
4.83e-05 	0.000193053 	
4.84e-05 	0.000193298 	
4.85e-05 	0.000193543 	
4.86e-05 	0.000193787 	
4.87e-05 	0.000194031 	
4.88e-05 	0.000194275 	
4.89e-05 	0.000194518 	
4.9e-05 	0.000194762 	
4.91e-05 	0.000195004 	
4.92e-05 	0.000195247 	
4.93e-05 	0.000195489 	
4.94e-05 	0.00019573 	
4.95e-05 	0.000195972 	
4.96e-05 	0.000196213 	
4.97e-05 	0.000196454 	
4.98e-05 	0.000196695 	
4.99e-05 	0.000196935 	
5e-05 	0.000197175 	
5.01e-05 	0.000197415 	
5.02e-05 	0.000197654 	
5.03e-05 	0.000197893 	
5.04e-05 	0.000198131 	
5.05e-05 	0.000198371 	
5.06e-05 	0.000198608 	
5.07e-05 	0.000198846 	
5.08e-05 	0.000199083 	
5.09e-05 	0.000199321 	
5.1e-05 	0.000199558 	
5.11e-05 	0.000199795 	
5.12e-05 	0.000200031 	
5.13e-05 	0.000200267 	
5.14e-05 	0.000200503 	
5.15e-05 	0.000200738 	
5.16e-05 	0.000200973 	
5.17e-05 	0.000201208 	
5.18e-05 	0.000201442 	
5.19e-05 	0.000201677 	
5.2e-05 	0.000201911 	
5.21e-05 	0.000202145 	
5.22e-05 	0.000202378 	
5.23e-05 	0.000202611 	
5.24e-05 	0.000202844 	
5.25e-05 	0.000203076 	
5.26e-05 	0.000203308 	
5.27e-05 	0.00020354 	
5.28e-05 	0.000203772 	
5.29e-05 	0.000204003 	
5.3e-05 	0.000204234 	
5.31e-05 	0.000204465 	
5.32e-05 	0.000204695 	
5.33e-05 	0.000204926 	
5.34e-05 	0.000205156 	
5.35e-05 	0.000205385 	
5.36e-05 	0.000205614 	
5.37e-05 	0.000205843 	
5.38e-05 	0.000206073 	
5.39e-05 	0.000206301 	
5.4e-05 	0.000206529 	
5.41e-05 	0.000206757 	
5.42e-05 	0.000206984 	
5.43e-05 	0.000207212 	
5.44e-05 	0.000207439 	
5.45e-05 	0.000207665 	
5.46e-05 	0.000207892 	
5.47e-05 	0.000208118 	
5.48e-05 	0.000208344 	
5.49e-05 	0.00020857 	
5.5e-05 	0.000208795 	
5.51e-05 	0.00020902 	
5.52e-05 	0.000209245 	
5.53e-05 	0.000209469 	
5.54e-05 	0.000209693 	
5.55e-05 	0.000209917 	
5.56e-05 	0.000210141 	
5.57e-05 	0.000210365 	
5.58e-05 	0.000210588 	
5.59e-05 	0.000210811 	
5.6e-05 	0.000211033 	
5.61e-05 	0.000211255 	
5.62e-05 	0.000211478 	
5.63e-05 	0.0002117 	
5.64e-05 	0.000211921 	
5.65e-05 	0.000212142 	
5.66e-05 	0.000212363 	
5.67e-05 	0.000212584 	
5.68e-05 	0.000212804 	
5.69e-05 	0.000213024 	
5.7e-05 	0.000213244 	
5.71e-05 	0.000213464 	
5.72e-05 	0.000213683 	
5.73e-05 	0.000213902 	
5.74e-05 	0.000214121 	
5.75e-05 	0.000214339 	
5.76e-05 	0.000214558 	
5.77e-05 	0.000214776 	
5.78e-05 	0.000214994 	
5.79e-05 	0.000215211 	
5.8e-05 	0.000215428 	
5.81e-05 	0.000215645 	
5.82e-05 	0.000215862 	
5.83e-05 	0.000216079 	
5.84e-05 	0.000216295 	
5.85e-05 	0.00021651 	
5.86e-05 	0.000216727 	
5.87e-05 	0.000216942 	
5.88e-05 	0.000217157 	
5.89e-05 	0.000217372 	
5.9e-05 	0.000217586 	
5.91e-05 	0.000217801 	
5.92e-05 	0.000218015 	
5.93e-05 	0.000218228 	
5.94e-05 	0.000218442 	
5.95e-05 	0.000218656 	
5.96e-05 	0.000218869 	
5.97e-05 	0.000219081 	
5.98e-05 	0.000219294 	
5.99e-05 	0.000219506 	
6e-05 	0.000219718 	
6.01e-05 	0.00021993 	
6.02e-05 	0.000220141 	
6.03e-05 	0.000220353 	
6.04e-05 	0.000220563 	
6.05e-05 	0.000220775 	
6.06e-05 	0.000220985 	
6.07e-05 	0.000221195 	
6.08e-05 	0.000221405 	
6.09e-05 	0.000221615 	
6.1e-05 	0.000221825 	
6.11e-05 	0.000222034 	
6.12e-05 	0.000222243 	
6.13e-05 	0.000222451 	
6.14e-05 	0.00022266 	
6.15e-05 	0.000222868 	
6.16e-05 	0.000223077 	
6.17e-05 	0.000223284 	
6.18e-05 	0.000223491 	
6.19e-05 	0.000223698 	
6.2e-05 	0.000223906 	
6.21e-05 	0.000224113 	
6.22e-05 	0.000224319 	
6.23e-05 	0.000224526 	
6.24e-05 	0.000224731 	
6.25e-05 	0.000224938 	
6.26e-05 	0.000225143 	
6.27e-05 	0.000225348 	
6.28e-05 	0.000225553 	
6.29e-05 	0.000225759 	
6.3e-05 	0.000225963 	
6.31e-05 	0.000226168 	
6.32e-05 	0.000226371 	
6.33e-05 	0.000226575 	
6.34e-05 	0.000226778 	
6.35e-05 	0.000226983 	
6.36e-05 	0.000227185 	
6.37e-05 	0.000227388 	
6.38e-05 	0.000227591 	
6.39e-05 	0.000227794 	
6.4e-05 	0.000227996 	
6.41e-05 	0.000228198 	
6.42e-05 	0.000228399 	
6.43e-05 	0.0002286 	
6.44e-05 	0.000228802 	
6.45e-05 	0.000229003 	
6.46e-05 	0.000229204 	
6.47e-05 	0.000229404 	
6.48e-05 	0.000229604 	
6.49e-05 	0.000229805 	
6.5e-05 	0.000230005 	
6.51e-05 	0.000230204 	
6.52e-05 	0.000230403 	
6.53e-05 	0.000230602 	
6.54e-05 	0.000230802 	
6.55e-05 	0.000231 	
6.56e-05 	0.000231198 	
6.57e-05 	0.000231397 	
6.58e-05 	0.000231595 	
6.59e-05 	0.000231793 	
6.6e-05 	0.00023199 	
6.61e-05 	0.000232187 	
6.62e-05 	0.000232384 	
6.63e-05 	0.000232581 	
6.64e-05 	0.000232778 	
6.65e-05 	0.000232974 	
6.66e-05 	0.00023317 	
6.67e-05 	0.000233366 	
6.68e-05 	0.000233562 	
6.69e-05 	0.000233757 	
6.7e-05 	0.000233952 	
6.71e-05 	0.000234147 	
6.72e-05 	0.000234342 	
6.73e-05 	0.000234536 	
6.74e-05 	0.000234731 	
6.75e-05 	0.000234925 	
6.76e-05 	0.000235119 	
6.77e-05 	0.000235312 	
6.78e-05 	0.000235506 	
6.79e-05 	0.000235699 	
6.8e-05 	0.000235892 	
6.81e-05 	0.000236085 	
6.82e-05 	0.000236277 	
6.83e-05 	0.00023647 	
6.84e-05 	0.000236662 	
6.85e-05 	0.000236853 	
6.86e-05 	0.000237045 	
6.87e-05 	0.000237237 	
6.88e-05 	0.000237428 	
6.89e-05 	0.000237619 	
6.9e-05 	0.00023781 	
6.91e-05 	0.000238 	
6.92e-05 	0.00023819 	
6.93e-05 	0.000238381 	
6.94e-05 	0.00023857 	
6.95e-05 	0.00023876 	
6.96e-05 	0.000238949 	
6.97e-05 	0.000239139 	
6.98e-05 	0.000239328 	
6.99e-05 	0.000239516 	
7e-05 	0.000239705 	
7.01e-05 	0.000239893 	
7.02e-05 	0.000240081 	
7.03e-05 	0.000240269 	
7.04e-05 	0.000240457 	
7.05e-05 	0.000240644 	
7.06e-05 	0.000240831 	
7.07e-05 	0.000241019 	
7.08e-05 	0.000241206 	
7.09e-05 	0.000241392 	
7.1e-05 	0.000241578 	
7.11e-05 	0.000241764 	
7.12e-05 	0.000241951 	
7.13e-05 	0.000242136 	
7.14e-05 	0.000242322 	
7.15e-05 	0.000242507 	
7.16e-05 	0.000242693 	
7.17e-05 	0.000242878 	
7.18e-05 	0.000243062 	
7.19e-05 	0.000243247 	
7.2e-05 	0.000243431 	
7.21e-05 	0.000243615 	
7.22e-05 	0.000243799 	
7.23e-05 	0.000243982 	
7.24e-05 	0.000244166 	
7.25e-05 	0.000244349 	
7.26e-05 	0.000244532 	
7.27e-05 	0.000244715 	
7.28e-05 	0.000244897 	
7.29e-05 	0.00024508 	
7.3e-05 	0.000245262 	
7.31e-05 	0.000245444 	
7.32e-05 	0.000245626 	
7.33e-05 	0.000245807 	
7.34e-05 	0.000245988 	
7.35e-05 	0.00024617 	
7.36e-05 	0.000246351 	
7.37e-05 	0.000246532 	
7.38e-05 	0.000246712 	
7.39e-05 	0.000246892 	
7.4e-05 	0.000247073 	
7.41e-05 	0.000247253 	
7.42e-05 	0.000247432 	
7.43e-05 	0.000247612 	
7.44e-05 	0.000247791 	
7.45e-05 	0.00024797 	
7.46e-05 	0.000248148 	
7.47e-05 	0.000248327 	
7.48e-05 	0.000248507 	
7.49e-05 	0.000248685 	
7.5e-05 	0.000248863 	
7.51e-05 	0.000249041 	
7.52e-05 	0.000249218 	
7.53e-05 	0.000249395 	
7.54e-05 	0.000249573 	
7.55e-05 	0.00024975 	
7.56e-05 	0.000249926 	
7.57e-05 	0.000250103 	
7.58e-05 	0.000250281 	
7.59e-05 	0.000250457 	
7.6e-05 	0.000250633 	
7.61e-05 	0.000250808 	
7.62e-05 	0.000250984 	
7.63e-05 	0.000251159 	
7.64e-05 	0.000251335 	
7.65e-05 	0.000251509 	
7.66e-05 	0.000251684 	
7.67e-05 	0.00025186 	
7.68e-05 	0.000252035 	
7.69e-05 	0.000252209 	
7.7e-05 	0.000252383 	
7.71e-05 	0.000252556 	
7.72e-05 	0.00025273 	
7.73e-05 	0.000252903 	
7.74e-05 	0.000253077 	
7.75e-05 	0.000253249 	
7.76e-05 	0.000253422 	
7.77e-05 	0.000253597 	
7.78e-05 	0.000253769 	
7.79e-05 	0.000253941 	
7.8e-05 	0.000254113 	
7.81e-05 	0.000254285 	
7.82e-05 	0.000254456 	
7.83e-05 	0.000254628 	
7.84e-05 	0.000254799 	
7.85e-05 	0.00025497 	
7.86e-05 	0.000255141 	
7.87e-05 	0.000255313 	
7.88e-05 	0.000255483 	
7.89e-05 	0.000255654 	
7.9e-05 	0.000255824 	
7.91e-05 	0.000255994 	
7.92e-05 	0.000256163 	
7.93e-05 	0.000256333 	
7.94e-05 	0.000256502 	
7.95e-05 	0.000256671 	
7.96e-05 	0.000256842 	
7.97e-05 	0.000257011 	
7.98e-05 	0.000257179 	
7.99e-05 	0.000257348 	
8e-05 	0.000257515 	
8.01e-05 	0.000257684 	
8.02e-05 	0.000257851 	
8.03e-05 	0.000258019 	
8.04e-05 	0.000258187 	
8.05e-05 	0.000258354 	
8.06e-05 	0.000258522 	
8.07e-05 	0.000258689 	
8.08e-05 	0.000258856 	
8.09e-05 	0.000259022 	
8.1e-05 	0.000259189 	
8.11e-05 	0.000259355 	
8.12e-05 	0.000259521 	
8.13e-05 	0.000259686 	
8.14e-05 	0.000259852 	
8.15e-05 	0.000260017 	
8.16e-05 	0.000260184 	
8.17e-05 	0.000260349 	
8.18e-05 	0.000260514 	
8.19e-05 	0.000260678 	
8.2e-05 	0.000260843 	
8.21e-05 	0.000261007 	
8.22e-05 	0.000261171 	
8.23e-05 	0.000261335 	
8.24e-05 	0.000261499 	
8.25e-05 	0.000261664 	
8.26e-05 	0.000261827 	
8.27e-05 	0.000261991 	
8.28e-05 	0.000262153 	
8.29e-05 	0.000262316 	
8.3e-05 	0.000262479 	
8.31e-05 	0.000262642 	
8.32e-05 	0.000262804 	
8.33e-05 	0.000262966 	
8.34e-05 	0.000263128 	
8.35e-05 	0.000263291 	
8.36e-05 	0.000263452 	
8.37e-05 	0.000263614 	
8.38e-05 	0.000263775 	
8.39e-05 	0.000263936 	
8.4e-05 	0.000264097 	
8.41e-05 	0.000264257 	
8.42e-05 	0.000264418 	
8.43e-05 	0.000264578 	
8.44e-05 	0.000264738 	
8.45e-05 	0.0002649 	
8.46e-05 	0.000265059 	
8.47e-05 	0.000265219 	
8.48e-05 	0.000265379 	
8.49e-05 	0.000265538 	
8.5e-05 	0.000265697 	
8.51e-05 	0.000265856 	
8.52e-05 	0.000266015 	
8.53e-05 	0.000266173 	
8.54e-05 	0.000266333 	
8.55e-05 	0.000266491 	
8.56e-05 	0.000266649 	
8.57e-05 	0.000266806 	
8.58e-05 	0.000266964 	
8.59e-05 	0.000267122 	
8.6e-05 	0.000267279 	
8.61e-05 	0.000267436 	
8.62e-05 	0.000267593 	
8.63e-05 	0.00026775 	
8.64e-05 	0.000267908 	
8.65e-05 	0.000268064 	
8.66e-05 	0.00026822 	
8.67e-05 	0.000268376 	
8.68e-05 	0.000268532 	
8.69e-05 	0.000268688 	
8.7e-05 	0.000268844 	
8.71e-05 	0.000268999 	
8.72e-05 	0.000269155 	
8.73e-05 	0.00026931 	
8.74e-05 	0.000269466 	
8.75e-05 	0.00026962 	
8.76e-05 	0.000269775 	
8.77e-05 	0.000269929 	
8.78e-05 	0.000270083 	
8.79e-05 	0.000270238 	
8.8e-05 	0.000270391 	
8.81e-05 	0.000270545 	
8.82e-05 	0.000270699 	
8.83e-05 	0.000270853 	
8.84e-05 	0.000271006 	
8.85e-05 	0.000271159 	
8.86e-05 	0.000271312 	
8.87e-05 	0.000271465 	
8.88e-05 	0.000271617 	
8.89e-05 	0.00027177 	
8.9e-05 	0.000271922 	
8.91e-05 	0.000272074 	
8.92e-05 	0.000272226 	
8.93e-05 	0.000272379 	
8.94e-05 	0.00027253 	
8.95e-05 	0.000272681 	
8.96e-05 	0.000272833 	
8.97e-05 	0.000272983 	
8.98e-05 	0.000273134 	
8.99e-05 	0.000273285 	
9e-05 	0.000273436 	
9.01e-05 	0.000273586 	
9.02e-05 	0.000273736 	
9.03e-05 	0.000273887 	
9.04e-05 	0.000274037 	
9.05e-05 	0.000274187 	
9.06e-05 	0.000274336 	
9.07e-05 	0.000274486 	
9.08e-05 	0.000274635 	
9.09e-05 	0.000274784 	
9.1e-05 	0.000274933 	
9.11e-05 	0.000275081 	
9.12e-05 	0.000275231 	
9.13e-05 	0.000275379 	
9.14e-05 	0.000275528 	
9.15e-05 	0.000275675 	
9.16e-05 	0.000275823 	
9.17e-05 	0.000275971 	
9.18e-05 	0.000276119 	
9.19e-05 	0.000276266 	
9.2e-05 	0.000276413 	
9.21e-05 	0.00027656 	
9.22e-05 	0.000276708 	
9.23e-05 	0.000276855 	
9.24e-05 	0.000277001 	
9.25e-05 	0.000277148 	
9.26e-05 	0.000277294 	
9.27e-05 	0.00027744 	
9.28e-05 	0.000277586 	
9.29e-05 	0.000277732 	
9.3e-05 	0.000277877 	
9.31e-05 	0.000278023 	
9.32e-05 	0.000278169 	
9.33e-05 	0.000278315 	
9.34e-05 	0.000278459 	
9.35e-05 	0.000278604 	
9.36e-05 	0.000278749 	
9.37e-05 	0.000278893 	
9.38e-05 	0.000279038 	
9.39e-05 	0.000279182 	
9.4e-05 	0.000279326 	
9.41e-05 	0.000279471 	
9.42e-05 	0.000279615 	
9.43e-05 	0.000279758 	
9.44e-05 	0.000279901 	
9.45e-05 	0.000280045 	
9.46e-05 	0.000280188 	
9.47e-05 	0.000280331 	
9.48e-05 	0.000280473 	
9.49e-05 	0.000280616 	
9.5e-05 	0.000280758 	
9.51e-05 	0.000280901 	
9.52e-05 	0.000281044 	
9.53e-05 	0.000281186 	
9.54e-05 	0.000281328 	
9.55e-05 	0.000281469 	
9.56e-05 	0.000281611 	
9.57e-05 	0.000281752 	
9.58e-05 	0.000281893 	
9.59e-05 	0.000282034 	
9.6e-05 	0.000282175 	
9.61e-05 	0.000282317 	
9.62e-05 	0.000282457 	
9.63e-05 	0.000282598 	
9.64e-05 	0.000282738 	
9.65e-05 	0.000282878 	
9.66e-05 	0.000283018 	
9.67e-05 	0.000283158 	
9.68e-05 	0.000283297 	
9.69e-05 	0.000283437 	
9.7e-05 	0.000283577 	
9.71e-05 	0.000283716 	
9.72e-05 	0.000283855 	
9.73e-05 	0.000283994 	
9.74e-05 	0.000284133 	
9.75e-05 	0.000284272 	
9.76e-05 	0.00028441 	
9.77e-05 	0.000284548 	
9.78e-05 	0.000284686 	
9.79e-05 	0.000284824 	
9.8e-05 	0.000284963 	
9.81e-05 	0.000285101 	
9.82e-05 	0.000285238 	
9.83e-05 	0.000285376 	
9.84e-05 	0.000285513 	
9.85e-05 	0.00028565 	
9.86e-05 	0.000285787 	
9.87e-05 	0.000285923 	
9.88e-05 	0.00028606 	
9.89e-05 	0.000286197 	
9.9e-05 	0.000286334 	
9.91e-05 	0.00028647 	
9.92e-05 	0.000286606 	
9.93e-05 	0.000286741 	
9.94e-05 	0.000286877 	
9.95e-05 	0.000287013 	
9.96e-05 	0.000287148 	
9.97e-05 	0.000287283 	
9.98e-05 	0.000287419 	
9.99e-05 	0.000287554 	
0.0001 	0.000287689 	
