1.5875 	0 	0 	0 	0 	0 	0 	0 	0 	0 	0 	0 	
3.175 	0 	0 	0 	0 	0 	0 	0 	0 	0 	0 	0 	
4.7625 	0 	0 	0 	0 	0 	0 	0 	0 	0 	0 	0 	
6.35 	0 	0 	0 	0 	0 	0 	0 	0 	0 	0 	0 	
7.9375 	0 	0 	0 	0 	0 	0 	0 	0 	0 	0 	0 	
9.525 	0 	0 	0 	0 	0 	0 	0 	0 	0 	0 	0 	
11.1125 	0 	0 	0 	0 	0 	0 	0 	0 	0 	0 	0 	
12.7 	0 	0 	0 	0 	0 	0 	0 	0 	0 	0 	0 	
14.2875 	0 	0 	0 	0 	0 	0 	0 	0 	0 	0 	0 	
15.875 	0 	0 	0 	0 	0 	0 	0 	0 	0 	0 	0 	
17.4625 	0 	0 	0 	0 	0 	0 	0 	0 	0 	0 	0 	
19.05 	0 	0 	0 	0 	0 	0 	0 	0 	0 	0 	0 	
20.6375 	0 	0 	0 	0 	0 	0 	0 	0 	0 	0 	0 	
22.225 	0 	0 	0 	0 	0 	0 	0 	0 	0 	0 	0 	
23.8125 	0 	0 	0 	0 	0 	0 	0 	0 	0 	0 	0 	
25.4 	0 	0 	0 	0 	0 	0 	0 	0 	0 	0 	0 	
26.9875 	0 	0 	0 	0 	0 	0 	0 	0 	0 	0 	0 	
28.575 	0 	0 	0 	0 	0 	0 	0 	0 	0 	0 	0 	
30.1625 	0 	0 	0 	0 	0 	0 	0 	0 	0 	0 	0 	
31.75 	0 	0 	0 	0 	0 	0 	0 	0 	0 	0 	0 	
33.3375 	0 	0 	0 	0 	0 	0 	0 	0 	0 	0 	0 	
34.925 	0 	0 	0 	0 	0 	0 	0 	0 	0 	0 	0 	
36.5125 	0 	0 	0 	0 	0 	0 	0 	0 	0 	0 	0 	
38.1 	0 	0 	0 	0 	0 	0 	0 	0 	0 	0 	0 	
39.6875 	0 	0 	0 	0 	0 	0 	0 	0 	0 	0 	0 	
41.275 	0 	0 	0 	0 	0 	0 	0 	0 	0 	0 	0 	
42.8625 	0 	0 	0 	0 	0 	0 	0 	0 	0 	0 	0 	
44.45 	0 	0 	0 	0 	0 	0 	0 	0 	0 	0 	0 	
46.0375 	0 	0 	0 	0 	0 	0 	0 	0 	0 	0 	0 	
47.625 	0 	0 	0 	0 	0 	0 	0 	0 	0 	0 	0 	
49.2125 	0 	0 	0 	0 	0 	0 	0 	0 	0 	0 	0 	
50.8 	0 	0 	0 	0 	0 	0 	0 	0 	0 	0 	0 	
52.3875 	0 	0 	0 	0 	0 	0 	0 	0 	0 	0 	0 	
53.975 	0 	0 	0 	0 	0 	0 	0 	0 	0 	0 	0 	
55.5625 	0 	0 	0 	0 	0 	0 	0 	0 	0 	0 	0 	
57.15 	0 	0 	0 	0 	0 	0 	0 	0 	0 	0 	0 	
58.7375 	0 	0 	0 	0 	0 	0 	0 	0 	0 	0 	0 	
60.325 	0 	0 	0 	0 	0 	0 	0 	0 	0 	0 	0 	
61.9125 	0 	0 	0 	0 	0 	0 	0 	0 	0 	0 	0 	
63.5 	0 	0 	0 	0 	0 	0 	0 	0 	0 	0 	0 	
65.0875 	0 	0 	0 	0 	0 	0 	0 	0 	0 	0 	0 	
66.675 	0 	0 	0 	0 	0 	0 	0 	0 	0 	0 	0 	
68.2625 	0 	0 	0 	0 	0 	0 	0 	0 	0 	0 	0 	
69.85 	0 	0 	0 	0 	0 	0 	0 	0 	0 	0 	0 	
71.4375 	0 	0 	0 	0 	0 	0 	0 	0 	0 	0 	0 	
73.025 	0 	0 	0 	0 	0 	0 	0 	0 	0 	0 	0 	
74.6125 	0 	0 	0 	0 	0 	0 	0 	0 	0 	0 	0 	
76.2 	0 	0 	0 	0 	0 	0 	0 	0 	0 	0 	0 	
77.7875 	0 	0 	0 	0 	0 	0 	0 	0 	0 	0 	0 	
79.375 	0 	0 	0 	0 	0 	0 	0 	0 	0 	0 	0 	
80.9625 	0 	0 	0 	0 	0 	0 	0 	0 	0 	0 	0 	
82.55 	0 	0 	0 	0 	0 	0 	0 	0 	0 	0 	0 	
84.1375 	0 	0 	0 	0 	0 	0 	0 	0 	0 	0 	0 	
85.725 	0 	0 	0 	0 	0 	0 	0 	0 	0 	0 	0 	
87.3125 	0 	0 	0 	0 	0 	0 	0 	0 	0 	0 	0 	
88.9 	0 	0 	0 	0 	0 	0 	0 	0 	0 	0 	0 	
90.4875 	0 	0 	0 	0 	0 	0 	0 	0 	0 	0 	0 	
92.075 	0 	0 	0 	0 	0 	0 	0 	0 	0 	0 	0 	
93.6625 	0 	0 	0 	0 	0 	0 	0 	0 	0 	0 	0 	
95.25 	0 	0 	0 	0 	0 	0 	0 	0 	0 	0 	0 	
96.8375 	0 	0 	0 	0 	0 	0 	0 	0 	0 	0 	0 	
98.425 	0 	0 	0 	0 	0 	0 	0 	0 	0 	0 	0 	
100.013 	0 	0 	0 	0 	0 	0 	0 	0 	0 	0 	0 	
101.6 	0 	0 	0 	0 	0 	0 	0 	0 	0 	0 	0 	
103.188 	0 	0 	0 	0 	0 	0 	0 	0 	0 	0 	0 	
104.775 	0 	0 	0 	0 	0 	0 	0 	0 	0 	0 	0 	
106.363 	0 	0 	0 	0 	0 	0 	0 	0 	0 	0 	0 	
107.95 	0 	0 	0 	0 	0 	0 	0 	0 	0 	0 	0 	
109.538 	0 	0 	0 	0 	0 	0 	0 	0 	0 	0 	0 	
111.125 	0 	0 	0 	0 	0 	0 	0 	0 	0 	0 	0 	
112.713 	0 	0 	0 	0 	0 	0 	0 	0 	0 	0 	0 	
114.3 	0 	0 	0 	0 	0 	0 	0 	0 	0 	0 	0 	
115.888 	0 	0 	0 	0 	0 	0 	0 	0 	0 	0 	0 	
117.475 	0 	0 	0 	0 	0 	0 	0 	0 	0 	0 	0 	
119.063 	0 	0 	0 	0 	0 	0 	0 	0 	0 	0 	0 	
120.65 	0 	0 	0 	0 	0 	0 	0 	0 	0 	0 	0 	
122.238 	0 	0 	0 	0 	0 	0 	0 	0 	0 	0 	0 	
123.825 	0 	0 	0 	0 	0 	0 	0 	0 	0 	0 	0 	
125.413 	0 	0 	0 	0 	0 	0 	0 	0 	0 	0 	0 	
127 	0 	0 	0 	0 	0 	0 	0 	0 	0 	0 	0 	
128.588 	0 	0 	0 	0 	0 	0 	0 	0 	0 	0 	0 	
130.175 	0 	0 	0 	0 	0 	0 	0 	0 	0 	0 	0 	
131.763 	0 	0 	0 	0 	0 	0 	0 	0 	0 	0 	0 	
133.35 	0 	0 	0 	0 	0 	0 	0 	0 	0 	0 	0 	
134.938 	0 	0 	0 	0 	0 	0 	0 	0 	0 	0 	0 	
136.525 	0 	0 	0 	0 	0 	0 	0 	0 	0 	0 	0 	
138.113 	0 	0 	0 	0 	0 	0 	0 	0 	0 	0 	0 	
139.7 	0 	0 	0 	0 	0 	0 	0 	0 	0 	0 	0 	
141.288 	0 	0 	0 	0 	0 	0 	0 	0 	0 	0 	0 	
142.875 	0 	0 	0 	0 	0 	0 	0 	0 	0 	0 	0 	
144.463 	0 	0 	0 	0 	0 	0 	0 	0 	0 	0 	0 	
146.05 	0 	0 	0 	0 	0 	0 	0 	0 	0 	0 	0 	
147.638 	0 	0 	0 	0 	0 	0 	0 	0 	0 	0 	0 	
149.225 	0 	0 	0 	0 	0 	0 	0 	0 	0 	0 	0 	
150.813 	0 	0 	0 	0 	0 	0 	0 	0 	0 	0 	0 	
152.4 	0 	0 	0 	0 	0 	0 	0 	0 	0 	0 	0 	
153.988 	0 	0 	0 	0 	0 	0 	0 	0 	0 	0 	0 	
155.575 	0 	0 	0 	0 	0 	0 	0 	0 	0 	0 	0 	
157.163 	0 	0 	0 	0 	0 	0 	0 	0 	0 	0 	0 	
158.75 	0 	0 	0 	0 	0 	0 	0 	0 	0 	0 	0 	
160.338 	0 	0 	0 	0 	0 	0 	0 	0 	0 	0 	0 	
161.925 	0 	0 	0 	0 	0 	0 	0 	0 	0 	0 	0 	
163.513 	0 	0 	0 	0 	0 	0 	0 	0 	0 	0 	0 	
165.1 	0 	0 	0 	0 	0 	0 	0 	0 	0 	0 	0 	
166.688 	0 	0 	0 	0 	0 	0 	0 	0 	0 	0 	0 	
168.275 	0 	0 	0 	0 	0 	0 	0 	0 	0 	0 	0 	
169.863 	0 	0 	0 	0 	0 	0 	0 	0 	0 	0 	0 	
171.45 	0 	0 	0 	0 	0 	0 	0 	0 	0 	0 	0 	
173.038 	0 	0 	0 	0 	0 	0 	0 	0 	0 	0 	0 	
174.625 	0 	0 	0 	0 	0 	0 	0 	0 	0 	0 	0 	
176.213 	0 	0 	0 	0 	0 	0 	0 	0 	0 	0 	0 	
177.8 	0 	0 	0 	0 	0 	0 	0 	0 	0 	0 	0 	
179.388 	0 	0 	0 	0 	0 	0 	0 	0 	0 	0 	0 	
180.975 	0 	0 	0 	0 	0 	0 	0 	0 	0 	0 	0 	
182.563 	0 	0 	0 	0 	0 	0 	0 	0 	0 	0 	0 	
184.15 	0 	0 	0 	0 	0 	0 	0 	0 	0 	0 	0 	
185.738 	0 	0 	0 	0 	0 	0 	0 	0 	0 	0 	0 	
187.325 	0 	0 	0 	0 	0 	0 	0 	0 	0 	0 	0 	
188.913 	0 	0 	0 	0 	0 	0 	0 	0 	0 	0 	0 	
190.5 	0 	0 	0 	0 	0 	0 	0 	0 	0 	0 	0 	
192.088 	0 	0 	0 	0 	0 	0 	0 	0 	0 	0 	0 	
193.675 	0 	0 	0 	0 	0 	0 	0 	0 	0 	0 	0 	
195.263 	0 	0 	0 	0 	0 	0 	0 	0 	0 	0 	0 	
196.85 	0 	0 	0 	0 	0 	0 	0 	0 	0 	0 	0 	
198.438 	0 	0 	0 	0 	0 	0 	0 	0 	0 	0 	0 	
200.025 	0 	0 	0 	0 	0 	0 	0 	0 	0 	0 	0 	
201.613 	0 	0 	0 	0 	0 	0 	0 	0 	0 	0 	0 	
203.2 	0 	0 	0 	0 	0 	0 	0 	0 	0 	0 	0 	
204.788 	0 	0 	0 	0 	0 	0 	0 	0 	0 	0 	0 	
206.375 	0 	0 	0 	0 	0 	0 	0 	0 	0 	0 	0 	
207.963 	0 	0 	0 	0 	0 	0 	0 	0 	0 	0 	0 	
209.55 	0 	0 	0 	0 	0 	0 	0 	0 	0 	0 	0 	
211.138 	0 	0 	0 	0 	0 	0 	0 	0 	0 	0 	0 	
212.725 	0 	0 	0 	0 	0 	0 	0 	0 	0 	0 	0 	
214.313 	0 	0 	0 	0 	0 	0 	0 	0 	0 	0 	0 	
215.9 	0 	0 	0 	0 	0 	0 	0 	0 	0 	0 	0 	
217.488 	0 	0 	0 	0 	0 	0 	0 	0 	0 	0 	0 	
219.075 	0 	0 	0 	0 	0 	0 	0 	0 	0 	0 	0 	
220.663 	0 	0 	0 	0 	0 	0 	0 	0 	0 	0 	0 	
222.25 	0 	0 	0 	0 	0 	0 	0 	0 	0 	0 	0 	
223.838 	0 	0 	0 	0 	0 	0 	0 	0 	0 	0 	0 	
225.425 	0 	0 	0 	0 	0 	0 	0 	0 	0 	0 	0 	
227.013 	0 	0 	0 	0 	0 	0 	0 	0 	0 	0 	0 	
228.6 	0 	0 	0 	0 	0 	0 	0 	0 	0 	0 	0 	
230.188 	0 	0 	0 	0 	0 	0 	0 	0 	0 	0 	0 	
231.775 	0 	0 	0 	0 	0 	0 	0 	0 	0 	0 	0 	
233.363 	0 	0 	0 	0 	0 	0 	0 	0 	0 	0 	0 	
234.95 	0 	0 	0 	0 	0 	0 	0 	0 	0 	0 	0 	
236.538 	0 	0 	0 	0 	0 	0 	0 	0 	0 	0 	0 	
238.125 	0 	0 	0 	0 	0 	0 	0 	0 	0 	0 	0 	
239.713 	0 	0 	0 	0 	0 	0 	0 	0 	0 	0 	0 	
241.3 	0 	0 	0 	0 	0 	0 	0 	0 	0 	0 	0 	
242.888 	0 	0 	0 	0 	0 	0 	0 	0 	0 	0 	0 	
244.475 	0 	0 	0 	0 	0 	0 	0 	0 	0 	0 	0 	
246.063 	0 	0 	0 	0 	0 	0 	0 	0 	0 	0 	0 	
247.65 	0 	0 	0 	0 	0 	0 	0 	0 	0 	0 	0 	
249.238 	0 	0 	0 	0 	0 	0 	0 	0 	0 	0 	0 	
250.825 	0 	0 	0 	0 	0 	0 	0 	0 	0 	0 	0 	
252.413 	0 	0 	0 	0 	0 	0 	0 	0 	0 	0 	0 	
254 	0 	0 	0 	0 	0 	0 	0 	0 	0 	0 	0 	
255.588 	0 	0 	0 	0 	0 	0 	0 	0 	0 	0 	0 	
257.175 	0 	0 	0 	0 	0 	0 	0 	0 	0 	0 	0 	
258.763 	0 	0 	0 	0 	0 	0 	0 	0 	0 	0 	0 	
260.35 	0 	0 	0 	0 	0 	0 	0 	0 	0 	0 	0 	
261.938 	0 	0 	0 	0 	0 	0 	0 	0 	0 	0 	0 	
263.525 	0 	0 	0 	0 	0 	0 	0 	0 	0 	0 	0 	
265.113 	0 	0 	0 	0 	0 	0 	0 	0 	0 	0 	0 	
266.7 	0 	0 	0 	0 	0 	0 	0 	0 	0 	0 	0 	
268.288 	0 	0 	0 	0 	0 	0 	0 	0 	0 	0 	0 	
269.875 	0 	0 	0 	0 	0 	0 	0 	0 	0 	0 	0 	
271.463 	0 	0 	0 	0 	0 	0 	0 	0 	0 	0 	0 	
273.05 	0 	0 	0 	0 	0 	0 	0 	0 	0 	0 	0 	
274.638 	0 	0 	0 	0 	0 	0 	0 	0 	0 	0 	0 	
276.225 	0 	0 	0 	0 	0 	0 	0 	0 	0 	0 	0 	
277.813 	0 	0 	0 	0 	0 	0 	0 	0 	0 	0 	0 	
279.4 	0 	0 	0 	0 	0 	0 	0 	0 	0 	0 	0 	
280.988 	0 	0 	0 	0 	0 	0 	0 	0 	0 	0 	0 	
282.575 	0 	0 	0 	0 	0 	0 	0 	0 	0 	0 	0 	
284.163 	0 	0 	0 	0 	0 	0 	0 	0 	0 	0 	0 	
285.75 	0 	0 	0 	0 	0 	0 	0 	0 	0 	0 	0 	
287.338 	0 	0 	0 	0 	0 	0 	0 	0 	0 	0 	0 	
288.925 	0 	0 	0 	0 	0 	0 	0 	0 	0 	0 	0 	
290.513 	0 	0 	0 	0 	0 	0 	0 	0 	0 	0 	0 	
292.1 	0 	0 	0 	0 	0 	0 	0 	0 	0 	0 	0 	
293.688 	0 	0 	0 	0 	0 	0 	0 	0 	0 	0 	0 	
295.275 	0 	0 	0 	0 	0 	0 	0 	0 	0 	0 	0 	
296.863 	0 	0 	0 	0 	0 	0 	0 	0 	0 	0 	0 	
298.45 	0 	0 	0 	0 	0 	0 	0 	0 	0 	0 	0 	
300.038 	0 	0 	0 	0 	0 	0 	0 	0 	0 	0 	0 	
301.625 	0 	0 	0 	0 	0 	0 	0 	0 	0 	0 	0 	
303.213 	0 	0 	0 	0 	0 	0 	0 	0 	0 	0 	0 	
304.8 	0 	0 	0 	0 	0 	0 	0 	0 	0 	0 	0 	
306.388 	0 	0 	0 	0 	0 	0 	0 	0 	0 	0 	0 	
307.975 	0 	0 	0 	0 	0 	0 	0 	0 	0 	0 	0 	
309.563 	0 	0 	0 	0 	0 	0 	0 	0 	0 	0 	0 	
311.15 	0 	0 	0 	0 	0 	0 	0 	0 	0 	0 	0 	
312.738 	0 	0 	0 	0 	0 	0 	0 	0 	0 	0 	0 	
314.325 	0 	0 	0 	0 	0 	0 	0 	0 	0 	0 	0 	
315.913 	0 	0 	0 	0 	0 	0 	0 	0 	0 	0 	0 	
317.5 	0 	0 	0 	0 	0 	0 	0 	0 	0 	0 	0 	
