4.11228 	234.43 	5.06856e+17 	5.44725e+16 	0 	0 	0 	1 	0 	0 	1 	0.2 	
8.22455 	234.43 	3.548e+18 	3.81308e+17 	0 	0 	0 	1 	0 	0 	1 	0.2 	
12.3368 	234.43 	9.63027e+18 	1.03498e+18 	0 	0 	0 	1 	0 	0 	1 	0.2 	
16.4491 	234.43 	1.87537e+19 	2.01548e+18 	0 	0 	0 	1 	0 	6.9347e-315 	1 	0.2 	
20.5614 	234.43 	3.09182e+19 	3.32282e+18 	0 	0 	0 	1 	0 	6.9347e-315 	1 	0.2 	
24.6737 	234.43 	4.61239e+19 	4.957e+18 	0 	0 	0 	1 	0 	6.9347e-315 	1 	0.2 	
28.7859 	234.43 	6.43708e+19 	6.91801e+18 	0 	0 	0 	1 	0 	6.9347e-315 	1 	0.2 	
32.8982 	234.43 	8.56587e+19 	9.20585e+18 	0 	0 	0 	1 	0 	6.9347e-315 	1 	0.2 	
37.0105 	234.43 	1.09988e+20 	1.18205e+19 	0 	0 	0 	1 	0 	0 	1 	0.2 	
41.1228 	234.43 	1.37358e+20 	1.4762e+19 	0 	0 	0 	1 	0 	6.9347e-315 	1 	0.2 	
45.235 	234.43 	1.67769e+20 	1.80304e+19 	0 	0 	0 	1 	0 	6.9347e-315 	1 	0.2 	
49.3473 	234.43 	2.01222e+20 	2.16256e+19 	0 	0 	0 	1 	0 	6.9347e-315 	1 	0.2 	
53.4596 	234.43 	2.37716e+20 	2.55476e+19 	0 	0 	0 	1 	0 	6.9347e-315 	1 	0.2 	
57.5719 	234.43 	2.7725e+20 	2.97965e+19 	0 	0 	0 	1 	0 	6.9347e-315 	1 	0.2 	
61.6842 	234.43 	3.19826e+20 	3.43722e+19 	0 	0 	0 	1 	0 	6.9347e-315 	1 	0.2 	
65.7964 	234.43 	3.65444e+20 	3.92747e+19 	0 	0 	0 	1 	0 	0 	1 	0.2 	
69.9087 	234.43 	4.14102e+20 	4.4504e+19 	0 	0 	0 	1 	0 	6.9347e-315 	1 	0.2 	
74.021 	234.43 	4.65801e+20 	5.00602e+19 	0 	0 	0 	1 	0 	6.9347e-315 	1 	0.2 	
78.1333 	234.43 	5.20542e+20 	5.59433e+19 	0 	0 	0 	1 	0 	6.9347e-315 	1 	0.2 	
82.2455 	234.43 	5.78323e+20 	6.21531e+19 	0 	0 	0 	1 	0 	6.9347e-315 	1 	0.2 	
86.3578 	234.43 	6.39146e+20 	6.86898e+19 	0 	0 	0 	1 	0 	6.9347e-315 	1 	0.2 	
90.4701 	234.43 	7.0301e+20 	7.55534e+19 	0 	0 	0 	1 	0 	6.9347e-315 	1 	0.2 	
94.5824 	234.43 	7.69915e+20 	8.27437e+19 	0 	0 	0 	1 	0 	0 	1 	0.2 	
98.6947 	234.43 	8.39861e+20 	9.02609e+19 	0 	0 	0 	1 	0 	6.9347e-315 	1 	0.2 	
102.807 	234.43 	9.12849e+20 	9.8105e+19 	0 	0 	0 	1 	0 	6.9347e-315 	1 	0.2 	
106.919 	234.43 	9.88877e+20 	1.06276e+20 	0 	0 	0 	1 	0 	6.9347e-315 	1 	0.2 	
111.031 	234.43 	1.06795e+21 	1.14774e+20 	0 	0 	0 	1 	0 	6.9347e-315 	1 	0.2 	
115.144 	234.43 	1.15006e+21 	1.23598e+20 	0 	0 	0 	1 	0 	6.9347e-315 	1 	0.2 	
119.256 	234.43 	1.23521e+21 	1.3275e+20 	0 	0 	0 	1 	0 	6.9347e-315 	1 	0.2 	
123.368 	234.43 	1.3234e+21 	1.42228e+20 	0 	0 	0 	1 	0 	0 	1 	0.2 	
127.481 	234.43 	1.41464e+21 	1.52033e+20 	0 	0 	0 	1 	0 	6.9347e-315 	1 	0.2 	
131.593 	234.43 	1.50891e+21 	1.62165e+20 	0 	0 	0 	1 	0 	6.9347e-315 	1 	0.2 	
135.705 	234.43 	1.60623e+21 	1.72623e+20 	0 	0 	0 	1 	0 	6.9347e-315 	1 	0.2 	
139.817 	234.43 	1.70659e+21 	1.83409e+20 	0 	0 	0 	1 	0 	6.9347e-315 	1 	0.2 	
143.93 	234.43 	1.80998e+21 	1.94521e+20 	0 	0 	0 	1 	0 	6.9347e-315 	1 	0.2 	
148.042 	234.43 	1.91642e+21 	2.05961e+20 	0 	0 	0 	1 	0 	6.9347e-315 	1 	0.2 	
152.154 	234.43 	2.02591e+21 	2.17727e+20 	0 	0 	0 	1 	0 	0 	1 	0.2 	
156.267 	234.43 	2.13843e+21 	2.2982e+20 	0 	0 	0 	1 	0 	6.9347e-315 	1 	0.2 	
160.379 	234.43 	2.25399e+21 	2.42239e+20 	0 	0 	0 	1 	0 	6.9347e-315 	1 	0.2 	
164.491 	234.43 	2.3726e+21 	2.54986e+20 	0 	0 	0 	1 	0 	6.9347e-315 	1 	0.2 	
168.603 	234.43 	2.49424e+21 	2.68059e+20 	0 	0 	0 	1 	0 	6.9347e-315 	1 	0.2 	
172.716 	234.43 	2.61893e+21 	2.81459e+20 	0 	0 	0 	1 	0 	6.9347e-315 	1 	0.2 	
176.828 	234.43 	2.74666e+21 	2.95187e+20 	0 	0 	0 	1 	0 	6.9347e-315 	1 	0.2 	
180.94 	234.43 	2.87742e+21 	3.0924e+20 	0 	0 	0 	1 	0 	4.94066e-323 	1 	0.2 	
185.052 	234.43 	3.01123e+21 	3.23621e+20 	0 	0 	0 	1 	0 	6.9347e-315 	1 	0.2 	
189.165 	234.43 	3.14809e+21 	3.38329e+20 	0 	0 	0 	1 	0 	6.9347e-315 	1 	0.2 	
193.277 	234.43 	3.28798e+21 	3.53363e+20 	0 	0 	0 	1 	0 	6.9347e-315 	1 	0.2 	
197.389 	234.43 	3.43091e+21 	3.68724e+20 	0 	0 	0 	1 	0 	6.9347e-315 	1 	0.2 	
201.502 	234.43 	3.57689e+21 	3.84412e+20 	0 	0 	0 	1 	0 	6.9347e-315 	1 	0.2 	
205.614 	234.43 	3.7259e+21 	4.00427e+20 	0 	0 	0 	1 	0 	6.9347e-315 	1 	0.2 	
209.726 	234.43 	3.87796e+21 	4.16769e+20 	0 	0 	0 	1 	0 	0 	1 	0.2 	
213.838 	234.43 	4.03306e+21 	4.33438e+20 	0 	0 	0 	1 	0 	6.9347e-315 	1 	0.2 	
217.951 	234.43 	4.1912e+21 	4.50433e+20 	0 	0 	0 	1 	0 	6.9347e-315 	1 	0.2 	
222.063 	234.43 	4.35238e+21 	4.67755e+20 	0 	0 	0 	1 	0 	6.9347e-315 	1 	0.2 	
226.175 	234.43 	4.5166e+21 	4.85405e+20 	0 	0 	0 	1 	0 	6.9347e-315 	1 	0.2 	
230.288 	234.43 	4.68386e+21 	5.0338e+20 	0 	0 	0 	1 	0 	6.9347e-315 	1 	0.2 	
234.4 	234.43 	4.85416e+21 	5.21683e+20 	0 	0 	0 	1 	0 	6.9347e-315 	1 	0.2 	
238.512 	234.43 	5.02751e+21 	5.40313e+20 	0 	0 	0 	1 	0 	0 	1 	0.2 	
242.624 	234.43 	5.2039e+21 	5.59269e+20 	0 	0 	0 	1 	0 	6.9347e-315 	1 	0.2 	
246.737 	234.43 	5.38332e+21 	5.78553e+20 	0 	0 	0 	1 	0 	6.9347e-315 	1 	0.2 	
250.849 	234.43 	5.56579e+21 	5.98163e+20 	0 	0 	0 	1 	0 	6.9347e-315 	1 	0.2 	
254.961 	234.43 	5.7513e+21 	6.181e+20 	0 	0 	0 	1 	0 	6.9347e-315 	1 	0.2 	
259.073 	234.43 	5.93985e+21 	6.38363e+20 	0 	0 	0 	1 	0 	6.9347e-315 	1 	0.2 	
263.186 	234.43 	6.13144e+21 	6.58954e+20 	0 	0 	0 	1 	0 	6.9347e-315 	1 	0.2 	
267.298 	234.43 	6.32608e+21 	6.79871e+20 	0 	0 	0 	1 	0 	0 	1 	0.2 	
271.41 	234.43 	6.52375e+21 	7.01116e+20 	0 	0 	0 	1 	0 	6.9347e-315 	1 	0.2 	
275.523 	234.43 	6.72446e+21 	7.22687e+20 	0 	0 	0 	1 	0 	6.9347e-315 	1 	0.2 	
279.635 	234.43 	6.92822e+21 	7.44585e+20 	0 	0 	0 	1 	0 	6.9347e-315 	1 	0.2 	
283.747 	234.43 	7.13502e+21 	7.66809e+20 	0 	0 	0 	1 	0 	6.9347e-315 	1 	0.2 	
287.859 	234.43 	7.34486e+21 	7.89361e+20 	0 	0 	0 	1 	0 	6.9347e-315 	1 	0.2 	
291.972 	234.43 	7.55774e+21 	8.1224e+20 	0 	0 	0 	1 	0 	6.9347e-315 	1 	0.2 	
296.084 	234.43 	7.77366e+21 	8.35445e+20 	0 	0 	0 	1 	0 	0 	1 	0.2 	
300.196 	234.43 	7.99262e+21 	8.58977e+20 	0 	0 	0 	1 	0 	6.9347e-315 	1 	0.2 	
304.309 	234.43 	8.21462e+21 	8.82836e+20 	0 	0 	0 	1 	0 	6.9347e-315 	1 	0.2 	
308.421 	234.43 	8.43967e+21 	9.07022e+20 	0 	0 	0 	1 	0 	6.9347e-315 	1 	0.2 	
312.533 	234.43 	8.66775e+21 	9.31534e+20 	0 	0 	0 	1 	0 	6.9347e-315 	1 	0.2 	
316.645 	234.43 	8.89888e+21 	9.56374e+20 	0 	0 	0 	1 	0 	6.9347e-315 	1 	0.2 	
320.758 	234.43 	9.13305e+21 	9.8154e+20 	0 	0 	0 	1 	0 	6.9347e-315 	1 	0.2 	
324.87 	234.43 	9.37026e+21 	1.00703e+21 	0 	0 	0 	1 	0 	0 	1 	0.2 	
328.982 	234.43 	9.61051e+21 	1.03285e+21 	0 	0 	0 	1 	0 	6.9347e-315 	1 	0.2 	
333.094 	234.43 	9.8538e+21 	1.059e+21 	0 	0 	0 	1 	0 	6.9347e-315 	1 	0.2 	
337.207 	234.43 	1.01001e+22 	1.08547e+21 	0 	0 	0 	1 	0 	6.9347e-315 	1 	0.2 	
341.319 	234.43 	1.03495e+22 	1.11227e+21 	0 	0 	0 	1 	0 	6.9347e-315 	1 	0.2 	
345.431 	234.43 	1.06019e+22 	1.1394e+21 	0 	0 	0 	1 	0 	6.9347e-315 	1 	0.2 	
349.544 	234.43 	1.08574e+22 	1.16686e+21 	0 	0 	0 	1 	0 	6.9347e-315 	1 	0.2 	
353.656 	234.43 	1.11159e+22 	1.19464e+21 	0 	0 	0 	1 	0 	0 	1 	0.2 	
357.768 	234.43 	1.13774e+22 	1.22274e+21 	0 	0 	0 	1 	0 	6.9347e-315 	1 	0.2 	
361.88 	234.43 	1.1642e+22 	1.25118e+21 	0 	0 	0 	1 	0 	6.9347e-315 	1 	0.2 	
365.993 	234.43 	1.19096e+22 	1.27994e+21 	0 	0 	0 	1 	0 	6.9347e-315 	1 	0.2 	
370.105 	234.43 	1.21803e+22 	1.30903e+21 	0 	0 	0 	1 	0 	6.9347e-315 	1 	0.2 	
374.217 	234.43 	1.2454e+22 	1.33844e+21 	0 	0 	0 	1 	0 	6.9347e-315 	1 	0.2 	
378.33 	234.43 	1.27307e+22 	1.36819e+21 	0 	0 	0 	1 	0 	6.9347e-315 	1 	0.2 	
382.442 	234.43 	1.30105e+22 	1.39825e+21 	0 	0 	0 	1 	0 	0 	1 	0.2 	
386.554 	234.43 	1.32933e+22 	1.42865e+21 	0 	0 	0 	1 	0 	6.9347e-315 	1 	0.2 	
390.666 	234.43 	1.35792e+22 	1.45937e+21 	0 	0 	0 	1 	0 	6.9347e-315 	1 	0.2 	
394.779 	234.43 	1.38681e+22 	1.49042e+21 	0 	0 	0 	1 	0 	6.9347e-315 	1 	0.2 	
398.891 	234.43 	1.416e+22 	1.5218e+21 	0 	0 	0 	1 	0 	6.9347e-315 	1 	0.2 	
403.003 	234.43 	1.4455e+22 	1.5535e+21 	0 	0 	0 	1 	0 	6.9347e-315 	1 	0.2 	
407.115 	234.43 	1.47531e+22 	1.58553e+21 	0 	0 	0 	1 	0 	6.9347e-315 	1 	0.2 	
411.228 	234.43 	1.50541e+22 	1.61789e+21 	0 	0 	0 	1 	0 	0 	1 	0.2 	
415.34 	234.43 	1.53583e+22 	1.65057e+21 	0 	0 	0 	1 	0 	6.9347e-315 	1 	0.2 	
419.452 	234.43 	1.56654e+22 	1.68358e+21 	0 	0 	0 	1 	0 	6.9347e-315 	1 	0.2 	
423.565 	234.43 	1.59756e+22 	1.71692e+21 	0 	0 	0 	1 	0 	6.9347e-315 	1 	0.2 	
427.677 	234.43 	1.62888e+22 	1.75058e+21 	0 	0 	0 	1 	0 	6.9347e-315 	1 	0.2 	
431.789 	234.43 	1.66051e+22 	1.78457e+21 	0 	0 	0 	1 	0 	6.9347e-315 	1 	0.2 	
435.901 	234.43 	1.69244e+22 	1.81889e+21 	0 	0 	0 	1 	0 	6.9347e-315 	1 	0.2 	
440.014 	234.43 	1.72468e+22 	1.85354e+21 	0 	0 	0 	1 	0 	0 	1 	0.2 	
444.126 	234.43 	1.75722e+22 	1.88851e+21 	0 	0 	0 	1 	0 	6.9347e-315 	1 	0.2 	
448.238 	234.43 	1.79007e+22 	1.92381e+21 	0 	0 	0 	1 	0 	6.9347e-315 	1 	0.2 	
452.35 	234.43 	1.82321e+22 	1.95943e+21 	0 	0 	0 	1 	0 	6.9347e-315 	1 	0.2 	
456.463 	234.43 	1.85667e+22 	1.99538e+21 	0 	0 	0 	1 	0 	6.9347e-315 	1 	0.2 	
460.575 	234.43 	1.89042e+22 	2.03166e+21 	0 	0 	0 	1 	0 	6.9347e-315 	1 	0.2 	
464.687 	234.43 	1.92448e+22 	2.06827e+21 	0 	0 	0 	1 	0 	6.9347e-315 	1 	0.2 	
468.8 	234.43 	1.95885e+22 	2.1052e+21 	0 	0 	0 	1 	0 	0 	1 	0.2 	
472.912 	234.43 	1.99352e+22 	2.14246e+21 	0 	0 	0 	1 	0 	6.9347e-315 	1 	0.2 	
477.024 	234.43 	2.02849e+22 	2.18004e+21 	0 	0 	0 	1 	0 	6.9347e-315 	1 	0.2 	
481.136 	234.43 	2.06377e+22 	2.21796e+21 	0 	0 	0 	1 	0 	6.9347e-315 	1 	0.2 	
485.249 	234.43 	2.09935e+22 	2.2562e+21 	0 	0 	0 	1 	0 	6.9347e-315 	1 	0.2 	
489.361 	234.43 	2.13523e+22 	2.29476e+21 	0 	0 	0 	1 	0 	6.9347e-315 	1 	0.2 	
493.473 	234.43 	2.17142e+22 	2.33366e+21 	0 	0 	0 	1 	0 	6.9347e-315 	1 	0.2 	
497.586 	234.43 	2.20792e+22 	2.37288e+21 	0 	0 	0 	1 	0 	0 	1 	0.2 	
501.698 	234.43 	2.24472e+22 	2.41242e+21 	0 	0 	0 	1 	0 	6.9347e-315 	1 	0.2 	
505.81 	234.43 	2.28182e+22 	2.4523e+21 	0 	0 	0 	1 	0 	6.9347e-315 	1 	0.2 	
509.922 	234.43 	2.31922e+22 	2.4925e+21 	0 	0 	0 	1 	0 	6.9347e-315 	1 	0.2 	
514.035 	234.43 	2.35693e+22 	2.53303e+21 	0 	0 	0 	1 	0 	6.9347e-315 	1 	0.2 	
518.147 	234.43 	2.39495e+22 	2.57388e+21 	0 	0 	0 	1 	0 	6.9347e-315 	1 	0.2 	
522.259 	234.43 	2.43327e+22 	2.61506e+21 	0 	0 	0 	1 	0 	6.9347e-315 	1 	0.2 	
526.371 	234.43 	2.47189e+22 	2.65657e+21 	0 	0 	0 	1 	0 	0 	1 	0.2 	
530.484 	234.43 	2.51081e+22 	2.6984e+21 	0 	0 	0 	1 	0 	6.9347e-315 	1 	0.2 	
534.596 	234.43 	2.55005e+22 	2.74057e+21 	0 	0 	0 	1 	0 	6.9347e-315 	1 	0.2 	
538.708 	234.43 	2.58958e+22 	2.78305e+21 	0 	0 	0 	1 	0 	6.9347e-315 	1 	0.2 	
542.821 	234.43 	2.62942e+22 	2.82587e+21 	0 	0 	0 	1 	0 	6.9347e-315 	1 	0.2 	
546.933 	234.43 	2.66956e+22 	2.86901e+21 	0 	0 	0 	1 	0 	6.9347e-315 	1 	0.2 	
551.045 	234.43 	2.71001e+22 	2.91248e+21 	0 	0 	0 	1 	0 	6.9347e-315 	1 	0.2 	
555.157 	234.43 	2.75076e+22 	2.95628e+21 	0 	0 	0 	1 	0 	0 	1 	0.2 	
559.27 	234.43 	2.79182e+22 	3.0004e+21 	0 	0 	0 	1 	0 	6.9347e-315 	1 	0.2 	
563.382 	234.43 	2.83318e+22 	3.04485e+21 	0 	0 	0 	1 	0 	6.9347e-315 	1 	0.2 	
567.494 	234.43 	2.87484e+22 	3.08963e+21 	0 	0 	0 	1 	0 	6.9347e-315 	1 	0.2 	
571.607 	234.43 	2.91681e+22 	3.13473e+21 	0 	0 	0 	1 	0 	6.9347e-315 	1 	0.2 	
575.719 	234.43 	2.95908e+22 	3.18016e+21 	0 	0 	0 	1 	0 	6.9347e-315 	1 	0.2 	
579.831 	234.43 	3.00165e+22 	3.22592e+21 	0 	0 	0 	1 	0 	6.9347e-315 	1 	0.2 	
583.943 	234.43 	3.04453e+22 	3.272e+21 	0 	0 	0 	1 	0 	0 	1 	0.2 	
588.056 	234.43 	3.08772e+22 	3.31841e+21 	0 	0 	0 	1 	0 	6.9347e-315 	1 	0.2 	
592.168 	234.43 	3.13121e+22 	3.36515e+21 	0 	0 	0 	1 	0 	6.9347e-315 	1 	0.2 	
596.28 	234.43 	3.175e+22 	3.41221e+21 	0 	0 	0 	1 	0 	6.9347e-315 	1 	0.2 	
600.392 	234.43 	3.2191e+22 	3.4596e+21 	0 	0 	0 	1 	0 	6.9347e-315 	1 	0.2 	
604.505 	234.43 	3.2635e+22 	3.50732e+21 	0 	0 	0 	1 	0 	6.9347e-315 	1 	0.2 	
608.617 	234.43 	3.3082e+22 	3.55537e+21 	0 	0 	0 	1 	0 	6.9347e-315 	1 	0.2 	
612.729 	234.43 	3.35321e+22 	3.60374e+21 	0 	0 	0 	1 	0 	0 	1 	0.2 	
616.842 	234.43 	3.39852e+22 	3.65244e+21 	0 	0 	0 	1 	0 	6.9347e-315 	1 	0.2 	
620.954 	234.43 	3.44414e+22 	3.70146e+21 	0 	0 	0 	1 	0 	6.9347e-315 	1 	0.2 	
625.066 	234.43 	3.49006e+22 	3.75081e+21 	0 	0 	0 	1 	0 	6.9347e-315 	1 	0.2 	
629.178 	234.43 	3.53629e+22 	3.80049e+21 	0 	0 	0 	1 	0 	6.9347e-315 	1 	0.2 	
633.291 	234.43 	3.58282e+22 	3.8505e+21 	0 	0 	0 	1 	0 	6.9347e-315 	1 	0.2 	
637.403 	242.351 	8.76176e+21 	1.27784e+22 	0 	0 	0 	1 	0 	6.9347e-315 	1 	0.2 	
641.515 	245.044 	0 	1.5806e+22 	0 	0 	0 	1 	0 	0 	1 	0.2 	
645.628 	245.044 	0 	1.60099e+22 	0 	0 	0 	1 	0 	6.9347e-315 	1 	0.2 	
649.74 	245.044 	0 	1.62152e+22 	0 	0 	0 	1 	0 	6.9347e-315 	1 	0.2 	
653.852 	245.044 	0 	1.64217e+22 	0 	0 	0 	1 	0 	6.9347e-315 	1 	0.2 	
657.964 	245.044 	0 	1.66296e+22 	0 	0 	0 	1 	0 	6.9347e-315 	1 	0.2 	
662.077 	245.044 	0 	1.68388e+22 	0 	0 	0 	1 	0 	6.9347e-315 	1 	0.2 	
666.189 	245.044 	0 	1.70492e+22 	0 	0 	0 	1 	0 	6.9347e-315 	1 	0.2 	
670.301 	245.044 	0 	1.7261e+22 	0 	0 	0 	1 	0 	0 	1 	0.2 	
674.413 	245.044 	0 	1.74741e+22 	0 	0 	0 	1 	0 	6.9347e-315 	1 	0.2 	
678.526 	245.044 	0 	1.76885e+22 	0 	0 	0 	1 	0 	6.9347e-315 	1 	0.2 	
682.638 	245.044 	0 	1.79042e+22 	0 	0 	0 	1 	0 	6.9347e-315 	1 	0.2 	
686.75 	245.044 	0 	1.81213e+22 	0 	0 	0 	1 	0 	6.9347e-315 	1 	0.2 	
690.863 	245.044 	0 	1.83396e+22 	0 	0 	0 	1 	0 	6.9347e-315 	1 	0.2 	
694.975 	245.044 	0 	1.85592e+22 	0 	0 	0 	1 	0 	6.9347e-315 	1 	0.2 	
699.087 	245.044 	0 	1.87802e+22 	0 	0 	0 	1 	0 	0 	1 	0.2 	
703.199 	245.044 	0 	1.90024e+22 	0 	0 	0 	1 	0 	6.9347e-315 	1 	0.2 	
707.312 	245.044 	0 	1.9226e+22 	0 	0 	0 	1 	0 	6.9347e-315 	1 	0.2 	
711.424 	245.044 	0 	1.94508e+22 	0 	0 	0 	1 	0 	6.9347e-315 	1 	0.2 	
715.536 	245.044 	0 	1.9677e+22 	0 	0 	0 	1 	0 	6.9347e-315 	1 	0.2 	
719.649 	245.044 	0 	1.99045e+22 	0 	0 	0 	1 	0 	6.9347e-315 	1 	0.2 	
723.761 	245.044 	0 	2.01333e+22 	0 	0 	0 	1 	0 	6.9347e-315 	1 	0.2 	
727.873 	245.044 	0 	2.03633e+22 	0 	0 	0 	1 	0 	0 	1 	0.2 	
731.985 	245.044 	0 	2.05947e+22 	0 	0 	0 	1 	0 	6.9347e-315 	1 	0.2 	
736.098 	245.044 	0 	2.08275e+22 	0 	0 	0 	1 	0 	6.9347e-315 	1 	0.2 	
740.21 	245.044 	0 	2.10615e+22 	0 	0 	0 	1 	0 	6.9347e-315 	1 	0.2 	
744.322 	245.044 	0 	2.12968e+22 	0 	0 	0 	1 	0 	6.9347e-315 	1 	0.2 	
748.434 	245.044 	0 	2.15334e+22 	0 	0 	0 	1 	0 	6.9347e-315 	1 	0.2 	
752.547 	245.044 	0 	2.17714e+22 	0 	0 	0 	1 	0 	6.9347e-315 	1 	0.2 	
756.659 	245.044 	0 	2.20106e+22 	0 	0 	0 	1 	0 	0 	1 	0.2 	
760.771 	245.044 	0 	2.22511e+22 	0 	0 	0 	1 	0 	6.9347e-315 	1 	0.2 	
764.884 	245.044 	0 	2.2493e+22 	0 	0 	0 	1 	0 	6.9347e-315 	1 	0.2 	
768.996 	245.044 	0 	2.27362e+22 	0 	0 	0 	1 	0 	6.9347e-315 	1 	0.2 	
773.108 	245.044 	0 	2.29806e+22 	0 	0 	0 	1 	0 	6.9347e-315 	1 	0.2 	
777.22 	245.044 	0 	2.32264e+22 	0 	0 	0 	1 	0 	6.9347e-315 	1 	0.2 	
781.333 	245.044 	0 	2.34735e+22 	0 	0 	0 	1 	0 	6.9347e-315 	1 	0.2 	
785.445 	245.044 	0 	2.37219e+22 	0 	0 	0 	1 	0 	0 	1 	0.2 	
789.557 	245.044 	0 	2.39716e+22 	0 	0 	0 	1 	0 	6.9347e-315 	1 	0.2 	
793.67 	245.044 	0 	2.42226e+22 	0 	0 	0 	1 	0 	6.9347e-315 	1 	0.2 	
797.782 	245.044 	0 	2.44749e+22 	0 	0 	0 	1 	0 	6.9347e-315 	1 	0.2 	
801.894 	245.044 	0 	2.47286e+22 	0 	0 	0 	1 	0 	6.9347e-315 	1 	0.2 	
806.006 	245.044 	0 	2.49835e+22 	0 	0 	0 	1 	0 	6.9347e-315 	1 	0.2 	
810.119 	245.044 	0 	2.52397e+22 	0 	0 	0 	1 	0 	6.9347e-315 	1 	0.2 	
814.231 	245.044 	0 	2.54973e+22 	0 	0 	0 	1 	0 	4.94066e-323 	1 	0.2 	
818.343 	245.044 	0 	2.57561e+22 	0 	0 	0 	1 	0 	6.9347e-315 	1 	0.2 	
822.455 	245.044 	0 	2.60163e+22 	0 	0 	0 	1 	0 	6.9347e-315 	1 	0.2 	
