1.06752 	0 	
2.13504 	0 	
3.20257 	0 	
4.27009 	0 	
5.33761 	0 	
6.40513 	0 	
7.47266 	0 	
8.54018 	0 	
9.6077 	0 	
10.6752 	0 	
11.7427 	0 	
12.8103 	0 	
13.8778 	0 	
14.9453 	0 	
16.0128 	0 	
17.0804 	0 	
18.1479 	0 	
19.2154 	0 	
20.2829 	0 	
21.3504 	0 	
22.418 	0 	
23.4855 	0 	
24.553 	0 	
25.6205 	0 	
26.6881 	0 	
27.7556 	0 	
28.8231 	0 	
29.8906 	0 	
30.9581 	0 	
32.0257 	0 	
33.0932 	0 	
34.1607 	0 	
35.2282 	0 	
36.2958 	0 	
37.3633 	0 	
38.4308 	0 	
39.4983 	0 	
40.5659 	0 	
41.6334 	0 	
42.7009 	0 	
43.7684 	0 	
44.8359 	0 	
45.9035 	0 	
46.971 	0 	
48.0385 	0 	
49.106 	0 	
50.1736 	0 	
51.2411 	0 	
52.3086 	0 	
53.3761 	0 	
54.4436 	0 	
55.5112 	0 	
56.5787 	0 	
57.6462 	0 	
58.7137 	0 	
59.7813 	0 	
60.8488 	0 	
61.9163 	0 	
62.9838 	0 	
64.0513 	0 	
65.1189 	0 	
66.1864 	0 	
67.2539 	0 	
68.3214 	0 	
69.389 	0 	
70.4565 	0 	
71.524 	0 	
72.5915 	0 	
73.659 	0 	
74.7266 	0 	
75.7941 	0 	
76.8616 	0 	
77.9291 	0 	
78.9967 	0 	
80.0642 	0 	
81.1317 	0 	
82.1992 	0 	
83.2667 	0 	
84.3343 	0 	
85.4018 	0 	
86.4693 	0 	
87.5368 	0 	
88.6044 	0 	
89.6719 	0 	
90.7394 	0 	
91.8069 	0 	
92.8744 	0 	
93.942 	0 	
95.0095 	0 	
96.077 	0 	
97.1445 	0 	
98.2121 	0 	
99.2796 	0 	
100.347 	0 	
101.415 	0 	
102.482 	0 	
103.55 	0 	
104.617 	0 	
105.685 	0 	
106.752 	0 	
107.82 	0 	
108.887 	0 	
109.955 	0 	
111.022 	0 	
112.09 	0 	
113.157 	0 	
114.225 	0 	
115.292 	0 	
116.36 	0 	
117.427 	0 	
118.495 	0 	
119.563 	0 	
120.63 	0 	
121.698 	0 	
122.765 	0 	
123.833 	0 	
124.9 	0 	
125.968 	0 	
127.035 	0 	
128.103 	0 	
129.17 	0 	
130.238 	0 	
131.305 	0 	
132.373 	0 	
133.44 	0 	
134.508 	0 	
135.575 	0 	
136.643 	0 	
137.71 	0 	
138.778 	0 	
139.845 	0 	
140.913 	0 	
141.98 	0 	
143.048 	0 	
144.116 	0 	
145.183 	0 	
146.251 	0 	
147.318 	0 	
148.386 	0 	
149.453 	0 	
150.521 	0 	
151.588 	0 	
152.656 	0 	
153.723 	0 	
154.791 	0 	
155.858 	0 	
156.926 	0 	
157.993 	0 	
159.061 	0 	
160.128 	0 	
161.196 	0 	
162.263 	0 	
163.331 	0 	
164.398 	0 	
165.466 	0 	
166.533 	0 	
167.601 	0 	
168.669 	0 	
169.736 	0 	
170.804 	0 	
171.871 	0 	
172.939 	0 	
174.006 	0 	
175.074 	0 	
176.141 	0 	
177.209 	0 	
178.276 	0 	
179.344 	0 	
180.411 	0 	
181.479 	0 	
182.546 	0 	
183.614 	0 	
184.681 	0 	
185.749 	0 	
186.816 	0 	
187.884 	0 	
188.951 	0 	
190.019 	0 	
191.087 	0 	
192.154 	0 	
193.222 	0 	
194.289 	0 	
195.357 	0 	
196.424 	0 	
197.492 	0 	
198.559 	0 	
199.627 	0 	
200.694 	0 	
201.762 	0 	
202.829 	0 	
203.897 	0 	
204.964 	0 	
206.032 	0 	
207.099 	0 	
208.167 	0 	
209.234 	0 	
210.302 	0 	
211.369 	0 	
212.437 	0 	
213.504 	0 	
