2.99736 	0 	0 	0 	0 	0 	0 	0 	0 	0 	0 	0 	
5.99471 	0 	0 	0 	0 	0 	0 	0 	0 	0 	0 	0 	
8.99207 	0 	0 	0 	0 	0 	0 	0 	0 	0 	0 	0 	
11.9894 	0 	0 	0 	0 	0 	0 	0 	0 	0 	0 	0 	
14.9868 	0 	0 	0 	0 	0 	0 	0 	0 	0 	0 	0 	
17.9841 	0 	0 	0 	0 	0 	0 	0 	0 	0 	0 	0 	
20.9815 	0 	0 	0 	0 	0 	0 	0 	0 	0 	0 	0 	
23.9789 	0 	0 	0 	0 	0 	0 	0 	0 	0 	0 	0 	
26.9762 	0 	0 	0 	0 	0 	0 	0 	0 	0 	0 	0 	
29.9736 	0 	0 	0 	0 	0 	0 	0 	0 	0 	0 	0 	
32.9709 	0 	0 	0 	0 	0 	0 	0 	0 	0 	0 	0 	
35.9683 	0 	0 	0 	0 	0 	0 	0 	0 	0 	0 	0 	
38.9656 	0 	0 	0 	0 	0 	0 	0 	0 	0 	0 	0 	
41.963 	0 	0 	0 	0 	0 	0 	0 	0 	0 	0 	0 	
44.9604 	0 	0 	0 	0 	0 	0 	0 	0 	0 	0 	0 	
47.9577 	0 	0 	0 	0 	0 	0 	0 	0 	0 	0 	0 	
50.9551 	0 	0 	0 	0 	0 	0 	0 	0 	0 	0 	0 	
53.9524 	0 	0 	0 	0 	0 	0 	0 	0 	0 	0 	0 	
56.9498 	0 	0 	0 	0 	0 	0 	0 	0 	0 	0 	0 	
59.9471 	0 	0 	0 	0 	0 	0 	0 	0 	0 	0 	0 	
62.9445 	0 	0 	0 	0 	0 	0 	0 	0 	0 	0 	0 	
65.9419 	0 	0 	0 	0 	0 	0 	0 	0 	0 	0 	0 	
68.9392 	0 	0 	0 	0 	0 	0 	0 	0 	0 	0 	0 	
71.9366 	0 	0 	0 	0 	0 	0 	0 	0 	0 	0 	0 	
74.9339 	0 	0 	0 	0 	0 	0 	0 	0 	0 	0 	0 	
77.9313 	0 	0 	0 	0 	0 	0 	0 	0 	0 	0 	0 	
80.9286 	0 	0 	0 	0 	0 	0 	0 	0 	0 	0 	0 	
83.926 	0 	0 	0 	0 	0 	0 	0 	0 	0 	0 	0 	
86.9234 	0 	0 	0 	0 	0 	0 	0 	0 	0 	0 	0 	
89.9207 	0 	0 	0 	0 	0 	0 	0 	0 	0 	0 	0 	
92.9181 	0 	0 	0 	0 	0 	0 	0 	0 	0 	0 	0 	
95.9154 	0 	0 	0 	0 	0 	0 	0 	0 	0 	0 	0 	
98.9128 	0 	0 	0 	0 	0 	0 	0 	0 	0 	0 	0 	
101.91 	0 	0 	0 	0 	0 	0 	0 	0 	0 	0 	0 	
104.908 	0 	0 	0 	0 	0 	0 	0 	0 	0 	0 	0 	
107.905 	0 	0 	0 	0 	0 	0 	0 	0 	0 	0 	0 	
110.902 	0 	0 	0 	0 	0 	0 	0 	0 	0 	0 	0 	
113.9 	0 	0 	0 	0 	0 	0 	0 	0 	0 	0 	0 	
116.897 	0 	0 	0 	0 	0 	0 	0 	0 	0 	0 	0 	
119.894 	0 	0 	0 	0 	0 	0 	0 	0 	0 	0 	0 	
122.892 	0 	0 	0 	0 	0 	0 	0 	0 	0 	0 	0 	
125.889 	0 	0 	0 	0 	0 	0 	0 	0 	0 	0 	0 	
128.886 	0 	0 	0 	0 	0 	0 	0 	0 	0 	0 	0 	
131.884 	0 	0 	0 	0 	0 	0 	0 	0 	0 	0 	0 	
134.881 	0 	0 	0 	0 	0 	0 	0 	0 	0 	0 	0 	
137.878 	0 	0 	0 	0 	0 	0 	0 	0 	0 	0 	0 	
140.876 	0 	0 	0 	0 	0 	0 	0 	0 	0 	0 	0 	
143.873 	0 	0 	0 	0 	0 	0 	0 	0 	0 	0 	0 	
146.871 	0 	0 	0 	0 	0 	0 	0 	0 	0 	0 	0 	
149.868 	0 	0 	0 	0 	0 	0 	0 	0 	0 	0 	0 	
152.865 	0 	0 	0 	0 	0 	0 	0 	0 	0 	0 	0 	
155.863 	0 	0 	0 	0 	0 	0 	0 	0 	0 	0 	0 	
158.86 	0 	0 	0 	0 	0 	0 	0 	0 	0 	0 	0 	
161.857 	0 	0 	0 	0 	0 	0 	0 	0 	0 	0 	0 	
164.855 	0 	0 	0 	0 	0 	0 	0 	0 	0 	0 	0 	
167.852 	0 	0 	0 	0 	0 	0 	0 	0 	0 	0 	0 	
170.849 	0 	0 	0 	0 	0 	0 	0 	0 	0 	0 	0 	
173.847 	0 	0 	0 	0 	0 	0 	0 	0 	0 	0 	0 	
176.844 	0 	0 	0 	0 	0 	0 	0 	0 	0 	0 	0 	
179.841 	0 	0 	0 	0 	0 	0 	0 	0 	0 	0 	0 	
182.839 	0 	0 	0 	0 	0 	0 	0 	0 	0 	0 	0 	
185.836 	0 	0 	0 	0 	0 	0 	0 	0 	0 	0 	0 	
188.834 	0 	0 	0 	0 	0 	0 	0 	0 	0 	0 	0 	
191.831 	0 	0 	0 	0 	0 	0 	0 	0 	0 	0 	0 	
194.828 	0 	0 	0 	0 	0 	0 	0 	0 	0 	0 	0 	
197.826 	0 	0 	0 	0 	0 	0 	0 	0 	0 	0 	0 	
200.823 	0 	0 	0 	0 	0 	0 	0 	0 	0 	0 	0 	
203.82 	0 	0 	0 	0 	0 	0 	0 	0 	0 	0 	0 	
206.818 	0 	0 	0 	0 	0 	0 	0 	0 	0 	0 	0 	
209.815 	0 	0 	0 	0 	0 	0 	0 	0 	0 	0 	0 	
212.812 	0 	0 	0 	0 	0 	0 	0 	0 	0 	0 	0 	
215.81 	0 	0 	0 	0 	0 	0 	0 	0 	0 	0 	0 	
218.807 	0 	0 	0 	0 	0 	0 	0 	0 	0 	0 	0 	
221.804 	0 	0 	0 	0 	0 	0 	0 	0 	0 	0 	0 	
224.802 	0 	0 	0 	0 	0 	0 	0 	0 	0 	0 	0 	
227.799 	0 	0 	0 	0 	0 	0 	0 	0 	0 	0 	0 	
230.797 	0 	0 	0 	0 	0 	0 	0 	0 	0 	0 	0 	
233.794 	0 	0 	0 	0 	0 	0 	0 	0 	0 	0 	0 	
236.791 	0 	0 	0 	0 	0 	0 	0 	0 	0 	0 	0 	
239.789 	0 	0 	0 	0 	0 	0 	0 	0 	0 	0 	0 	
242.786 	0 	0 	0 	0 	0 	0 	0 	0 	0 	0 	0 	
245.783 	0 	0 	0 	0 	0 	0 	0 	0 	0 	0 	0 	
248.781 	0 	0 	0 	0 	0 	0 	0 	0 	0 	0 	0 	
251.778 	0 	0 	0 	0 	0 	0 	0 	0 	0 	0 	0 	
254.775 	0 	0 	0 	0 	0 	0 	0 	0 	0 	0 	0 	
257.773 	0 	0 	0 	0 	0 	0 	0 	0 	0 	0 	0 	
260.77 	0 	0 	0 	0 	0 	0 	0 	0 	0 	0 	0 	
263.767 	0 	0 	0 	0 	0 	0 	0 	0 	0 	0 	0 	
266.765 	0 	0 	0 	0 	0 	0 	0 	0 	0 	0 	0 	
269.762 	0 	0 	0 	0 	0 	0 	0 	0 	0 	0 	0 	
272.76 	0 	0 	0 	0 	0 	0 	0 	0 	0 	0 	0 	
275.757 	0 	0 	0 	0 	0 	0 	0 	0 	0 	0 	0 	
278.754 	0 	0 	0 	0 	0 	0 	0 	0 	0 	0 	0 	
281.752 	0 	0 	0 	0 	0 	0 	0 	0 	0 	0 	0 	
284.749 	0 	0 	0 	0 	0 	0 	0 	0 	0 	0 	0 	
287.746 	0 	0 	0 	0 	0 	0 	0 	0 	0 	0 	0 	
290.744 	0 	0 	0 	0 	0 	0 	0 	0 	0 	0 	0 	
293.741 	0 	0 	0 	0 	0 	0 	0 	0 	0 	0 	0 	
296.738 	0 	0 	0 	0 	0 	0 	0 	0 	0 	0 	0 	
299.736 	0 	0 	0 	0 	0 	0 	0 	0 	0 	0 	0 	
302.733 	0 	0 	0 	0 	0 	0 	0 	0 	0 	0 	0 	
305.73 	0 	0 	0 	0 	0 	0 	0 	0 	0 	0 	0 	
308.728 	0 	0 	0 	0 	0 	0 	0 	0 	0 	0 	0 	
311.725 	0 	0 	0 	0 	0 	0 	0 	0 	0 	0 	0 	
314.723 	0 	0 	0 	0 	0 	0 	0 	0 	0 	0 	0 	
317.72 	0 	0 	0 	0 	0 	0 	0 	0 	0 	0 	0 	
320.717 	0 	0 	0 	0 	0 	0 	0 	0 	0 	0 	0 	
323.715 	0 	0 	0 	0 	0 	0 	0 	0 	0 	0 	0 	
326.712 	0 	0 	0 	0 	0 	0 	0 	0 	0 	0 	0 	
329.709 	0 	0 	0 	0 	0 	0 	0 	0 	0 	0 	0 	
332.707 	0 	0 	0 	0 	0 	0 	0 	0 	0 	0 	0 	
335.704 	0 	0 	0 	0 	0 	0 	0 	0 	0 	0 	0 	
338.701 	0 	0 	0 	0 	0 	0 	0 	0 	0 	0 	0 	
341.699 	0 	0 	0 	0 	0 	0 	0 	0 	0 	0 	0 	
344.696 	0 	0 	0 	0 	0 	0 	0 	0 	0 	0 	0 	
347.693 	0 	0 	0 	0 	0 	0 	0 	0 	0 	0 	0 	
350.691 	0 	0 	0 	0 	0 	0 	0 	0 	0 	0 	0 	
353.688 	0 	0 	0 	0 	0 	0 	0 	0 	0 	0 	0 	
356.686 	0 	0 	0 	0 	0 	0 	0 	0 	0 	0 	0 	
359.683 	0 	0 	0 	0 	0 	0 	0 	0 	0 	0 	0 	
362.68 	0 	0 	0 	0 	0 	0 	0 	0 	0 	0 	0 	
365.678 	0 	0 	0 	0 	0 	0 	0 	0 	0 	0 	0 	
368.675 	0 	0 	0 	0 	0 	0 	0 	0 	0 	0 	0 	
371.672 	0 	0 	0 	0 	0 	0 	0 	0 	0 	0 	0 	
374.67 	0 	0 	0 	0 	0 	0 	0 	0 	0 	0 	0 	
377.667 	0 	0 	0 	0 	0 	0 	0 	0 	0 	0 	0 	
380.664 	0 	0 	0 	0 	0 	0 	0 	0 	0 	0 	0 	
383.662 	0 	0 	0 	0 	0 	0 	0 	0 	0 	0 	0 	
386.659 	0 	0 	0 	0 	0 	0 	0 	0 	0 	0 	0 	
389.656 	0 	0 	0 	0 	0 	0 	0 	0 	0 	0 	0 	
392.654 	0 	0 	0 	0 	0 	0 	0 	0 	0 	0 	0 	
395.651 	0 	0 	0 	0 	0 	0 	0 	0 	0 	0 	0 	
398.649 	0 	0 	0 	0 	0 	0 	0 	0 	0 	0 	0 	
401.646 	0 	0 	0 	0 	0 	0 	0 	0 	0 	0 	0 	
404.643 	0 	0 	0 	0 	0 	0 	0 	0 	0 	0 	0 	
407.641 	0 	0 	0 	0 	0 	0 	0 	0 	0 	0 	0 	
410.638 	0 	0 	0 	0 	0 	0 	0 	0 	0 	0 	0 	
413.635 	0 	0 	0 	0 	0 	0 	0 	0 	0 	0 	0 	
416.633 	0 	0 	0 	0 	0 	0 	0 	0 	0 	0 	0 	
419.63 	0 	0 	0 	0 	0 	0 	0 	0 	0 	0 	0 	
422.627 	0 	0 	0 	0 	0 	0 	0 	0 	0 	0 	0 	
425.625 	0 	0 	0 	0 	0 	0 	0 	0 	0 	0 	0 	
428.622 	0 	0 	0 	0 	0 	0 	0 	0 	0 	0 	0 	
431.619 	0 	0 	0 	0 	0 	0 	0 	0 	0 	0 	0 	
434.617 	0 	0 	0 	0 	0 	0 	0 	0 	0 	0 	0 	
437.614 	0 	0 	0 	0 	0 	0 	0 	0 	0 	0 	0 	
440.612 	0 	0 	0 	0 	0 	0 	0 	0 	0 	0 	0 	
443.609 	0 	0 	0 	0 	0 	0 	0 	0 	0 	0 	0 	
446.606 	0 	0 	0 	0 	0 	0 	0 	0 	0 	0 	0 	
449.604 	0 	0 	0 	0 	0 	0 	0 	0 	0 	0 	0 	
452.601 	0 	0 	0 	0 	0 	0 	0 	0 	0 	0 	0 	
455.598 	0 	0 	0 	0 	0 	0 	0 	0 	0 	0 	0 	
458.596 	0 	0 	0 	0 	0 	0 	0 	0 	0 	0 	0 	
461.593 	0 	0 	0 	0 	0 	0 	0 	0 	0 	0 	0 	
464.59 	0 	0 	0 	0 	0 	0 	0 	0 	0 	0 	0 	
467.588 	0 	0 	0 	0 	0 	0 	0 	0 	0 	0 	0 	
470.585 	0 	0 	0 	0 	0 	0 	0 	0 	0 	0 	0 	
473.582 	0 	0 	0 	0 	0 	0 	0 	0 	0 	0 	0 	
476.58 	0 	0 	0 	0 	0 	0 	0 	0 	0 	0 	0 	
479.577 	0 	0 	0 	0 	0 	0 	0 	0 	0 	0 	0 	
482.575 	0 	0 	0 	0 	0 	0 	0 	0 	0 	0 	0 	
485.572 	0 	0 	0 	0 	0 	0 	0 	0 	0 	0 	0 	
488.569 	0 	0 	0 	0 	0 	0 	0 	0 	0 	0 	0 	
491.567 	0 	0 	0 	0 	0 	0 	0 	0 	0 	0 	0 	
494.564 	0 	0 	0 	0 	0 	0 	0 	0 	0 	0 	0 	
497.561 	0 	0 	0 	0 	0 	0 	0 	0 	0 	0 	0 	
500.559 	0 	0 	0 	0 	0 	0 	0 	0 	0 	0 	0 	
503.556 	0 	0 	0 	0 	0 	0 	0 	0 	0 	0 	0 	
506.553 	0 	0 	0 	0 	0 	0 	0 	0 	0 	0 	0 	
509.551 	0 	0 	0 	0 	0 	0 	0 	0 	0 	0 	0 	
512.548 	0 	0 	0 	0 	0 	0 	0 	0 	0 	0 	0 	
515.545 	0 	0 	0 	0 	0 	0 	0 	0 	0 	0 	0 	
518.543 	0 	0 	0 	0 	0 	0 	0 	0 	0 	0 	0 	
521.54 	0 	0 	0 	0 	0 	0 	0 	0 	0 	0 	0 	
524.538 	0 	0 	0 	0 	0 	0 	0 	0 	0 	0 	0 	
527.535 	0 	0 	0 	0 	0 	0 	0 	0 	0 	0 	0 	
530.532 	0 	0 	0 	0 	0 	0 	0 	0 	0 	0 	0 	
533.53 	0 	0 	0 	0 	0 	0 	0 	0 	0 	0 	0 	
536.527 	0 	0 	0 	0 	0 	0 	0 	0 	0 	0 	0 	
539.524 	0 	0 	0 	0 	0 	0 	0 	0 	0 	0 	0 	
542.522 	0 	0 	0 	0 	0 	0 	0 	0 	0 	0 	0 	
545.519 	0 	0 	0 	0 	0 	0 	0 	0 	0 	0 	0 	
548.516 	0 	0 	0 	0 	0 	0 	0 	0 	0 	0 	0 	
551.514 	0 	0 	0 	0 	0 	0 	0 	0 	0 	0 	0 	
554.511 	0 	0 	0 	0 	0 	0 	0 	0 	0 	0 	0 	
557.508 	0 	0 	0 	0 	0 	0 	0 	0 	0 	0 	0 	
560.506 	0 	0 	0 	0 	0 	0 	0 	0 	0 	0 	0 	
563.503 	0 	0 	0 	0 	0 	0 	0 	0 	0 	0 	0 	
566.501 	0 	0 	0 	0 	0 	0 	0 	0 	0 	0 	0 	
569.498 	0 	0 	0 	0 	0 	0 	0 	0 	0 	0 	0 	
572.495 	0 	0 	0 	0 	0 	0 	0 	0 	0 	0 	0 	
575.493 	0 	0 	0 	0 	0 	0 	0 	0 	0 	0 	0 	
578.49 	0 	0 	0 	0 	0 	0 	0 	0 	0 	0 	0 	
581.487 	0 	0 	0 	0 	0 	0 	0 	0 	0 	0 	0 	
584.485 	0 	0 	0 	0 	0 	0 	0 	0 	0 	0 	0 	
587.482 	0 	0 	0 	0 	0 	0 	0 	0 	0 	0 	0 	
590.479 	0 	0 	0 	0 	0 	0 	0 	0 	0 	0 	0 	
593.477 	0 	0 	0 	0 	0 	0 	0 	0 	0 	0 	0 	
596.474 	0 	0 	0 	0 	0 	0 	0 	0 	0 	0 	0 	
599.471 	0 	0 	0 	0 	0 	0 	0 	0 	0 	0 	0 	
2.99736 	173.328 	86.664 	400000 	-253902 	8.93187 	0 	0 	0 	0 	0 	0 	
5.99471 	173.308 	86.6542 	400000 	-253861 	8.93187 	0 	0 	0 	0 	0 	0 	
8.99207 	173.276 	86.6378 	400000 	-253792 	8.93187 	0 	0 	0 	0 	0 	0 	
11.9894 	173.23 	86.6149 	400000 	-253696 	8.93187 	0 	0 	0 	0 	0 	0 	
14.9868 	173.171 	86.5854 	400000 	-253573 	8.93187 	0 	0 	0 	0 	0 	0 	
17.9841 	173.099 	86.5493 	400000 	-253421 	8.93187 	0 	0 	0 	0 	0 	0 	
20.9815 	173.014 	86.5068 	400000 	-253243 	8.93187 	0 	0 	0 	0 	0 	0 	
23.9789 	172.915 	86.4576 	400000 	-253037 	8.93187 	0 	0 	0 	0 	0 	0 	
26.9762 	172.804 	86.4019 	400000 	-252803 	8.93187 	0 	0 	0 	0 	0 	0 	
29.9736 	172.679 	86.3397 	400000 	-252542 	8.93187 	0 	0 	0 	0 	0 	0 	
32.9709 	172.542 	86.2709 	400000 	-252253 	8.93187 	0 	0 	0 	0 	0 	0 	
35.9683 	172.391 	86.1955 	400000 	-251937 	8.93187 	0 	0 	0 	0 	0 	0 	
38.9656 	172.227 	86.1136 	400000 	-251594 	8.93187 	0 	0 	0 	0 	0 	0 	
41.963 	172.05 	86.0252 	400000 	-251223 	8.93187 	0 	0 	0 	0 	0 	0 	
44.9604 	171.86 	85.9301 	400000 	-250824 	8.93187 	0 	0 	0 	0 	0 	0 	
47.9577 	171.657 	85.8286 	400000 	-250398 	8.93187 	0 	0 	0 	0 	0 	0 	
50.9551 	171.441 	85.7205 	400000 	-249945 	8.93187 	0 	0 	0 	0 	0 	0 	
53.9524 	171.212 	85.6058 	400000 	-259929 	8.92467 	0 	0 	0 	0 	0 	0 	
56.9498 	170.969 	85.4846 	400000 	-259403 	8.92467 	0 	0 	0 	0 	0 	0 	
59.9471 	170.714 	85.3568 	400000 	-258848 	8.92467 	0 	0 	0 	0 	0 	0 	
62.9445 	170.445 	85.2225 	400000 	-258265 	8.92467 	0 	0 	0 	0 	0 	0 	
65.9419 	170.163 	85.0816 	400000 	-257653 	8.92467 	0 	0 	0 	0 	0 	0 	
68.9392 	169.868 	84.9342 	400000 	-257013 	8.92467 	0 	0 	0 	0 	0 	0 	
71.9366 	169.56 	84.7802 	400000 	-256345 	8.92467 	0 	0 	0 	0 	0 	0 	
74.9339 	169.239 	84.6197 	400000 	-255648 	8.92467 	0 	0 	0 	0 	0 	0 	
77.9313 	168.905 	84.4526 	400000 	-254922 	8.92467 	0 	0 	0 	0 	0 	0 	
80.9286 	168.558 	84.2789 	400000 	-264119 	8.91082 	0 	0 	0 	0 	0 	0 	
83.926 	168.197 	84.0987 	400000 	-263311 	8.91082 	0 	0 	0 	0 	0 	0 	
86.9234 	167.824 	83.912 	400000 	-262474 	8.91082 	0 	0 	0 	0 	0 	0 	
89.9207 	167.437 	83.7187 	400000 	-261607 	8.91082 	0 	0 	0 	0 	0 	0 	
92.9181 	167.038 	83.5189 	400000 	-260711 	8.91082 	0 	0 	0 	0 	0 	0 	
95.9154 	166.625 	83.3125 	400000 	-259785 	8.91082 	0 	0 	0 	0 	0 	0 	
98.9128 	166.199 	83.0995 	400000 	-268330 	8.89014 	0 	0 	0 	0 	0 	0 	
101.91 	165.76 	82.88 	400000 	-267316 	8.89014 	0 	0 	0 	0 	0 	0 	
104.908 	165.308 	82.6539 	400000 	-266556 	8.89009 	0 	0 	0 	0 	0 	0 	
107.905 	164.843 	82.4213 	400000 	-265481 	8.89009 	0 	0 	0 	0 	0 	0 	
110.902 	164.364 	82.1822 	400000 	-264375 	8.89009 	0 	0 	0 	0 	0 	0 	
113.9 	163.873 	81.9364 	400000 	-263240 	8.89009 	0 	0 	0 	0 	0 	0 	
116.897 	163.368 	81.6842 	400000 	-271131 	8.86231 	0 	0 	0 	0 	0 	0 	
119.894 	162.851 	81.4254 	400000 	-269900 	8.86231 	0 	0 	0 	0 	0 	0 	
122.892 	162.32 	81.16 	400000 	-268638 	8.86231 	0 	0 	0 	0 	0 	0 	
125.889 	161.776 	80.8881 	400000 	-267344 	8.86231 	0 	0 	0 	0 	0 	0 	
128.886 	161.219 	80.6096 	400000 	-274705 	8.82729 	0 	0 	0 	0 	0 	0 	
131.884 	160.649 	80.3245 	400000 	-273312 	8.82729 	0 	0 	0 	0 	0 	0 	
134.881 	160.066 	80.033 	400000 	-271887 	8.82729 	0 	0 	0 	0 	0 	0 	
137.878 	159.47 	79.7348 	400000 	-270431 	8.82729 	0 	0 	0 	0 	0 	0 	
140.876 	158.86 	79.4301 	400000 	-268942 	8.82729 	0 	0 	0 	0 	0 	0 	
143.873 	158.238 	79.1189 	400000 	-275409 	8.78476 	0 	0 	0 	0 	0 	0 	
146.871 	157.602 	78.8011 	400000 	-273816 	8.78476 	0 	0 	0 	0 	0 	0 	
149.868 	156.954 	78.4768 	400000 	-272190 	8.78476 	0 	0 	0 	0 	0 	0 	
152.865 	156.292 	78.1459 	400000 	-270531 	8.78476 	0 	0 	0 	0 	0 	0 	
155.863 	155.617 	77.8084 	400000 	-276769 	8.73455 	0 	0 	0 	0 	0 	0 	
158.86 	154.929 	77.4644 	400000 	-275002 	8.73455 	0 	0 	0 	0 	0 	0 	
161.857 	154.228 	77.1139 	400000 	-273201 	8.73455 	0 	0 	0 	0 	0 	0 	
164.855 	153.513 	76.7567 	400000 	-286472 	8.67642 	0 	0 	0 	0 	0 	0 	
167.852 	152.786 	76.3931 	400000 	-284517 	8.67642 	0 	0 	0 	0 	0 	0 	
170.849 	152.046 	76.0229 	400000 	-282527 	8.67642 	0 	0 	0 	0 	0 	0 	
173.847 	151.292 	75.6461 	400000 	-280501 	8.67642 	0 	0 	0 	0 	0 	0 	
176.844 	150.526 	75.2628 	400000 	-285595 	8.61016 	0 	0 	0 	0 	0 	0 	
179.841 	149.746 	74.8729 	400000 	-283454 	8.61016 	0 	0 	0 	0 	0 	0 	
182.839 	148.953 	74.4765 	400000 	-281277 	8.61016 	0 	0 	0 	0 	0 	0 	
185.836 	148.147 	74.0735 	400000 	-285949 	8.53559 	0 	0 	0 	0 	0 	0 	
188.834 	147.328 	73.664 	400000 	-283654 	8.53559 	0 	0 	0 	0 	0 	0 	
191.831 	146.496 	73.2479 	400000 	-281322 	8.53559 	0 	0 	0 	0 	0 	0 	
194.828 	145.651 	72.8253 	400000 	-292084 	8.45247 	0 	0 	0 	0 	0 	0 	
197.826 	144.792 	72.3961 	400000 	-289584 	8.45247 	0 	0 	0 	0 	0 	0 	
200.823 	143.921 	71.9604 	400000 	-287046 	8.45247 	0 	0 	0 	0 	0 	0 	
203.82 	143.036 	71.5181 	400000 	-296893 	8.36055 	0 	0 	0 	0 	0 	0 	
206.818 	142.138 	71.0692 	400000 	-294184 	8.36055 	0 	0 	0 	0 	0 	0 	
209.815 	141.228 	70.6138 	400000 	-297408 	8.25968 	0 	0 	0 	0 	0 	0 	
212.812 	140.304 	70.1519 	400000 	-294571 	8.25968 	0 	0 	0 	0 	0 	0 	
215.81 	139.367 	69.6834 	400000 	-291695 	8.25968 	0 	0 	0 	0 	0 	0 	
218.807 	138.417 	69.2083 	400000 	-300181 	8.1496 	0 	0 	0 	0 	0 	0 	
221.804 	137.453 	68.7267 	400000 	-297127 	8.1496 	0 	0 	0 	0 	0 	0 	
224.802 	136.477 	68.2386 	400000 	-294031 	8.1496 	0 	0 	0 	0 	0 	0 	
227.799 	135.488 	67.7439 	400000 	-301699 	8.03013 	0 	0 	0 	0 	0 	0 	
230.797 	134.485 	67.2426 	400000 	-298422 	8.03013 	0 	0 	0 	0 	0 	0 	
233.794 	133.47 	66.7348 	400000 	-305791 	7.90107 	0 	0 	0 	0 	0 	0 	
236.791 	132.441 	66.2204 	400000 	-302331 	7.90107 	0 	0 	0 	0 	0 	0 	
239.789 	131.399 	65.6995 	400000 	-298828 	7.90107 	0 	0 	0 	0 	0 	0 	
242.786 	130.344 	65.1721 	400000 	-309899 	7.76222 	0 	0 	0 	0 	0 	0 	
245.783 	129.276 	64.638 	400000 	-306160 	7.76222 	0 	0 	0 	0 	0 	0 	
248.781 	128.195 	64.0975 	400000 	-311659 	7.61342 	0 	0 	0 	0 	0 	0 	
251.778 	127.101 	63.5503 	400000 	-307732 	7.61342 	0 	0 	0 	0 	0 	0 	
254.775 	125.993 	62.9966 	400000 	-312654 	7.45442 	0 	0 	0 	0 	0 	0 	
257.773 	124.873 	62.4364 	400000 	-308536 	7.45442 	0 	0 	0 	0 	0 	0 	
260.77 	123.739 	61.8696 	400000 	-316722 	7.28509 	0 	0 	0 	0 	0 	0 	
263.767 	122.593 	61.2963 	400000 	-312363 	7.28509 	0 	0 	0 	0 	0 	0 	
266.765 	121.433 	60.7164 	400000 	-307954 	7.28509 	0 	0 	0 	0 	0 	0 	
269.762 	120.26 	60.13 	400000 	-315440 	7.10525 	0 	0 	0 	0 	0 	0 	
272.76 	119.074 	59.537 	400000 	-310787 	7.10525 	0 	0 	0 	0 	0 	0 	
275.757 	117.875 	58.9374 	400000 	-317434 	6.91469 	0 	0 	0 	0 	0 	0 	
278.754 	116.663 	58.3313 	400000 	-312535 	6.91469 	0 	0 	0 	0 	0 	0 	
281.752 	115.437 	57.7187 	400000 	-318379 	6.71329 	0 	0 	0 	0 	0 	0 	
284.749 	114.199 	57.0995 	400000 	-313231 	6.71329 	0 	0 	0 	0 	0 	0 	
287.746 	112.947 	56.4737 	400000 	-321672 	6.50094 	0 	0 	0 	0 	0 	0 	
290.744 	111.683 	55.8414 	400000 	-316228 	6.50094 	0 	0 	0 	0 	0 	0 	
293.741 	110.405 	55.2025 	400000 	-320430 	6.27743 	0 	0 	0 	0 	0 	0 	
296.738 	109.114 	54.5571 	400000 	-314733 	6.27743 	0 	0 	0 	0 	0 	0 	
299.736 	107.81 	53.9052 	400000 	-321250 	6.04266 	0 	0 	0 	0 	0 	0 	
302.733 	106.493 	53.2466 	400000 	-315253 	6.04266 	0 	0 	0 	0 	0 	0 	
305.73 	105.163 	52.5816 	400000 	-320801 	5.79654 	0 	0 	0 	0 	0 	0 	
308.728 	103.82 	51.9099 	400000 	-314502 	5.79654 	0 	0 	0 	0 	0 	0 	
311.725 	102.464 	51.2318 	400000 	-319118 	5.53892 	0 	0 	0 	0 	0 	0 	
314.723 	101.094 	50.547 	400000 	-325679 	5.26972 	0 	0 	0 	0 	0 	0 	
317.72 	99.7115 	49.8558 	400000 	-318791 	5.26972 	0 	0 	0 	0 	0 	0 	
320.717 	98.3158 	49.1579 	400000 	-324234 	4.9889 	0 	0 	0 	0 	0 	0 	
323.715 	96.9071 	48.4535 	400000 	-316997 	4.9889 	0 	0 	0 	0 	0 	0 	
326.712 	95.4852 	47.7426 	400000 	-321365 	4.69632 	0 	0 	0 	0 	0 	0 	
329.709 	94.0502 	47.0251 	400000 	-313777 	4.69632 	0 	0 	0 	0 	0 	0 	
332.707 	92.6021 	46.3011 	400000 	-319277 	4.39195 	0 	0 	0 	0 	0 	0 	
335.704 	91.1409 	45.5705 	400000 	-321799 	4.07574 	0 	0 	0 	0 	0 	0 	
338.701 	89.6666 	44.8333 	400000 	-314001 	4.07571 	0 	0 	0 	0 	0 	0 	
341.699 	88.1792 	44.0896 	400000 	-317514 	3.74763 	0 	0 	0 	0 	0 	0 	
344.696 	86.6787 	43.3394 	400000 	-308855 	3.74763 	0 	0 	0 	0 	0 	0 	
347.693 	85.1651 	42.5826 	400000 	-313050 	3.40765 	0 	0 	0 	0 	0 	0 	
350.691 	83.6384 	41.8192 	400000 	-314552 	3.05575 	0 	0 	0 	0 	0 	0 	
353.688 	82.0986 	41.0493 	400000 	-305137 	3.05575 	0 	0 	0 	0 	0 	0 	
356.686 	80.5457 	40.2728 	400000 	-308830 	2.69191 	0 	0 	0 	0 	0 	0 	
359.683 	78.9796 	39.4898 	400000 	-298938 	2.69191 	0 	0 	0 	0 	0 	0 	
362.68 	77.4005 	38.7002 	400000 	-301220 	2.31613 	0 	0 	0 	0 	0 	0 	
365.678 	75.8082 	37.9041 	400000 	-303469 	1.92844 	0 	0 	0 	0 	0 	0 	
368.675 	74.2029 	37.1015 	400000 	-292671 	1.92844 	0 	0 	0 	0 	0 	0 	
371.672 	72.5845 	36.2922 	400000 	-292596 	1.52882 	0 	0 	0 	0 	0 	0 	
374.67 	70.9529 	35.4764 	400000 	-292908 	1.1173 	0 	0 	0 	0 	0 	0 	
377.667 	69.3082 	34.6541 	400000 	-281211 	1.1173 	0 	0 	0 	0 	0 	0 	
380.664 	67.6505 	33.8252 	400000 	-282475 	0.693905 	0 	0 	0 	0 	0 	0 	
383.662 	65.9796 	32.9898 	400000 	-281450 	0.258632 	0 	0 	0 	0 	0 	0 	
386.659 	64.2956 	32.1478 	400000 	-268717 	0.258633 	0 	0 	0 	0 	0 	0 	
389.656 	62.5986 	31.2993 	400000 	-267258 	-0.188469 	0 	0 	0 	0 	0 	0 	
392.654 	60.8884 	30.4442 	400000 	-265265 	-0.647432 	0 	0 	0 	0 	0 	0 	
395.651 	59.1651 	29.5825 	400000 	-250921 	-0.647488 	0 	0 	0 	0 	0 	0 	
398.649 	57.4287 	28.7143 	400000 	-250399 	-1.11861 	0 	0 	0 	0 	0 	0 	
401.646 	55.6792 	27.8396 	400000 	-245983 	-1.60259 	0 	0 	0 	0 	0 	0 	
404.643 	53.9166 	26.9583 	400000 	-230968 	-1.60591 	0 	0 	0 	0 	0 	0 	
407.641 	52.1409 	26.0704 	400000 	-226503 	-2.11316 	0 	0 	0 	0 	0 	0 	
410.638 	50.3521 	25.176 	400000 	-222970 	-2.65765 	0 	0 	0 	0 	0 	0 	
413.635 	48.5501 	24.2751 	400000 	-215052 	-3.27941 	0 	0 	0 	0 	0 	0 	
416.633 	46.7351 	23.3676 	400000 	-198163 	-3.47552 	0 	0 	0 	0 	0 	0 	
419.63 	44.907 	22.4535 	400000 	-197261 	-4.51999 	0 	0 	0 	0 	0 	0 	
422.627 	43.0658 	21.5329 	400000 	-188288 	-6.14749 	0 	0 	0 	0 	0 	0 	
425.625 	41.2114 	20.6057 	400000 	-178930 	-8.79561 	0 	0 	0 	0 	0 	0 	
428.622 	39.344 	19.672 	400000 	-159204 	-11.66 	0 	0 	0 	0 	0 	0 	
431.619 	37.4634 	18.7317 	400000 	-149359 	-17.6439 	0 	0 	0 	0 	0 	0 	
434.617 	35.5698 	17.7849 	400000 	-138632 	-26.2232 	0 	0 	0 	0 	0 	0 	
437.614 	33.663 	16.8315 	400000 	-128757 	-37.5367 	0 	0 	0 	0 	0 	0 	
440.595 	0 	0 	0 	0 	0 	0 	0 	0 	0 	0 	0 	
443.572 	0 	0 	0 	0 	0 	0 	0 	0 	0 	0 	0 	
446.546 	0 	0 	0 	0 	0 	0 	0 	0 	0 	0 	0 	
449.518 	0 	0 	0 	0 	0 	0 	0 	0 	0 	0 	0 	
452.49 	0 	0 	0 	0 	0 	0 	0 	0 	0 	0 	0 	
455.462 	0 	0 	0 	0 	0 	0 	0 	0 	0 	0 	0 	
458.434 	0 	0 	0 	0 	0 	0 	0 	0 	0 	0 	0 	
461.408 	0 	0 	0 	0 	0 	0 	0 	0 	0 	0 	0 	
464.382 	0 	0 	0 	0 	0 	0 	0 	0 	0 	0 	0 	
467.359 	0 	0 	0 	0 	0 	0 	0 	0 	0 	0 	0 	
470.336 	0 	0 	0 	0 	0 	0 	0 	0 	0 	0 	0 	
473.316 	0 	0 	0 	0 	0 	0 	0 	0 	0 	0 	0 	
476.297 	0 	0 	0 	0 	0 	0 	0 	0 	0 	0 	0 	
479.279 	0 	0 	0 	0 	0 	0 	0 	0 	0 	0 	0 	
482.263 	0 	0 	0 	0 	0 	0 	0 	0 	0 	0 	0 	
485.249 	0 	0 	0 	0 	0 	0 	0 	0 	0 	0 	0 	
488.235 	0 	0 	0 	0 	0 	0 	0 	0 	0 	0 	0 	
491.223 	0 	0 	0 	0 	0 	0 	0 	0 	0 	0 	0 	
494.211 	0 	0 	0 	0 	0 	0 	0 	0 	0 	0 	0 	
497.201 	0 	0 	0 	0 	0 	0 	0 	0 	0 	0 	0 	
500.192 	0 	0 	0 	0 	0 	0 	0 	0 	0 	0 	0 	
503.183 	0 	0 	0 	0 	0 	0 	0 	0 	0 	0 	0 	
506.175 	0 	0 	0 	0 	0 	0 	0 	0 	0 	0 	0 	
509.168 	0 	0 	0 	0 	0 	0 	0 	0 	0 	0 	0 	
512.161 	0 	0 	0 	0 	0 	0 	0 	0 	0 	0 	0 	
515.155 	0 	0 	0 	0 	0 	0 	0 	0 	0 	0 	0 	
518.149 	0 	0 	0 	0 	0 	0 	0 	0 	0 	0 	0 	
521.144 	0 	0 	0 	0 	0 	0 	0 	0 	0 	0 	0 	
524.139 	0 	0 	0 	0 	0 	0 	0 	0 	0 	0 	0 	
527.135 	0 	0 	0 	0 	0 	0 	0 	0 	0 	0 	0 	
530.131 	0 	0 	0 	0 	0 	0 	0 	0 	0 	0 	0 	
533.127 	0 	0 	0 	0 	0 	0 	0 	0 	0 	0 	0 	
536.123 	0 	0 	0 	0 	0 	0 	0 	0 	0 	0 	0 	
539.119 	0 	0 	0 	0 	0 	0 	0 	0 	0 	0 	0 	
542.116 	0 	0 	0 	0 	0 	0 	0 	0 	0 	0 	0 	
545.113 	0 	0 	0 	0 	0 	0 	0 	0 	0 	0 	0 	
548.11 	0 	0 	0 	0 	0 	0 	0 	0 	0 	0 	0 	
551.107 	0 	0 	0 	0 	0 	0 	0 	0 	0 	0 	0 	
554.104 	0 	0 	0 	0 	0 	0 	0 	0 	0 	0 	0 	
557.101 	0 	0 	0 	0 	0 	0 	0 	0 	0 	0 	0 	
560.098 	0 	0 	0 	0 	0 	0 	0 	0 	0 	0 	0 	
563.096 	0 	0 	0 	0 	0 	0 	0 	0 	0 	0 	0 	
566.093 	0 	0 	0 	0 	0 	0 	0 	0 	0 	0 	0 	
569.09 	0 	0 	0 	0 	0 	0 	0 	0 	0 	0 	0 	
572.088 	0 	0 	0 	0 	0 	0 	0 	0 	0 	0 	0 	
575.085 	0 	0 	0 	0 	0 	0 	0 	0 	0 	0 	0 	
578.082 	0 	0 	0 	0 	0 	0 	0 	0 	0 	0 	0 	
581.08 	0 	0 	0 	0 	0 	0 	0 	0 	0 	0 	0 	
584.077 	0 	0 	0 	0 	0 	0 	0 	0 	0 	0 	0 	
587.074 	0 	0 	0 	0 	0 	0 	0 	0 	0 	0 	0 	
590.072 	0 	0 	0 	0 	0 	0 	0 	0 	0 	0 	0 	
593.069 	0 	0 	0 	0 	0 	0 	0 	0 	0 	0 	0 	
596.066 	0 	0 	0 	0 	0 	0 	0 	0 	0 	0 	0 	
599.064 	0 	0 	0 	0 	0 	0 	0 	0 	0 	0 	0 	
2.99736 	173.328 	86.664 	400000 	-253990 	17.6963 	0 	0 	0 	0 	0 	0 	
5.99471 	173.308 	86.6542 	400000 	-254219 	17.6963 	0 	0 	0 	0 	0 	0 	
8.99207 	173.276 	86.6378 	400000 	-254150 	17.6963 	0 	0 	0 	0 	0 	0 	
11.9894 	173.23 	86.6149 	400000 	-254054 	17.6963 	0 	0 	0 	0 	0 	0 	
14.9868 	173.171 	86.5854 	400000 	-253930 	17.6963 	0 	0 	0 	0 	0 	0 	
17.9841 	173.099 	86.5493 	400000 	-253779 	17.6963 	0 	0 	0 	0 	0 	0 	
20.9815 	173.014 	86.5068 	400000 	-253600 	17.6963 	0 	0 	0 	0 	0 	0 	
23.9789 	172.915 	86.4576 	400000 	-253394 	17.6963 	0 	0 	0 	0 	0 	0 	
26.9762 	172.804 	86.4019 	400000 	-253161 	17.6963 	0 	0 	0 	0 	0 	0 	
29.9736 	172.679 	86.3397 	400000 	-252899 	17.6963 	0 	0 	0 	0 	0 	0 	
32.9709 	172.542 	86.2709 	400000 	-252611 	17.6963 	0 	0 	0 	0 	0 	0 	
35.9683 	172.391 	86.1955 	400000 	-252295 	17.6963 	0 	0 	0 	0 	0 	0 	
38.9656 	172.227 	86.1136 	400000 	-251951 	17.6963 	0 	0 	0 	0 	0 	0 	
41.963 	172.05 	86.0252 	400000 	-251580 	17.6963 	0 	0 	0 	0 	0 	0 	
44.9604 	171.86 	85.9301 	400000 	-251182 	17.6963 	0 	0 	0 	0 	0 	0 	
47.9577 	171.657 	85.8286 	400000 	-250756 	17.6963 	0 	0 	0 	0 	0 	0 	
50.9551 	171.441 	85.7205 	400000 	-250302 	17.6963 	0 	0 	0 	0 	0 	0 	
53.9524 	171.212 	85.6058 	400000 	-260294 	17.682 	0 	0 	0 	0 	0 	0 	
56.9498 	170.969 	85.4846 	400000 	-259492 	17.682 	0 	0 	0 	0 	0 	0 	
59.9471 	170.714 	85.3568 	400000 	-258938 	17.682 	0 	0 	0 	0 	0 	0 	
62.9445 	170.445 	85.2225 	400000 	-258354 	17.682 	0 	0 	0 	0 	0 	0 	
65.9419 	170.163 	85.0816 	400000 	-257743 	17.682 	0 	0 	0 	0 	0 	0 	
68.9392 	169.868 	84.9342 	400000 	-257103 	17.682 	0 	0 	0 	0 	0 	0 	
71.9366 	169.56 	84.7802 	400000 	-256434 	17.682 	0 	0 	0 	0 	0 	0 	
74.9339 	169.239 	84.6197 	400000 	-255737 	17.682 	0 	0 	0 	0 	0 	0 	
77.9313 	168.905 	84.4526 	400000 	-255012 	17.682 	0 	0 	0 	0 	0 	0 	
80.9286 	168.558 	84.2789 	400000 	-264210 	17.6546 	0 	0 	0 	0 	0 	0 	
83.926 	168.197 	84.0987 	400000 	-263402 	17.6546 	0 	0 	0 	0 	0 	0 	
86.9234 	167.824 	83.912 	400000 	-262565 	17.6546 	0 	0 	0 	0 	0 	0 	
89.9207 	167.437 	83.7187 	400000 	-261698 	17.6546 	0 	0 	0 	0 	0 	0 	
92.9181 	167.038 	83.5189 	400000 	-260802 	17.6546 	0 	0 	0 	0 	0 	0 	
95.9154 	166.625 	83.3125 	400000 	-259876 	17.6546 	0 	0 	0 	0 	0 	0 	
98.9128 	166.199 	83.0995 	400000 	-268423 	17.6136 	0 	0 	0 	0 	0 	0 	
101.91 	165.76 	82.88 	400000 	-267408 	17.6136 	0 	0 	0 	0 	0 	0 	
104.908 	165.308 	82.6539 	400000 	-266364 	17.6136 	0 	0 	0 	0 	0 	0 	
107.905 	164.843 	82.4213 	400000 	-265288 	17.6136 	0 	0 	0 	0 	0 	0 	
110.902 	164.364 	82.1822 	400000 	-264183 	17.6136 	0 	0 	0 	0 	0 	0 	
113.9 	163.873 	81.9364 	400000 	-263047 	17.6136 	0 	0 	0 	0 	0 	0 	
116.897 	163.368 	81.6842 	400000 	-270935 	17.5586 	0 	0 	0 	0 	0 	0 	
119.894 	162.851 	81.4254 	400000 	-269704 	17.5586 	0 	0 	0 	0 	0 	0 	
122.892 	162.32 	81.16 	400000 	-268442 	17.5586 	0 	0 	0 	0 	0 	0 	
125.889 	161.776 	80.8881 	400000 	-267149 	17.5586 	0 	0 	0 	0 	0 	0 	
128.886 	161.219 	80.6096 	400000 	-274800 	17.4891 	0 	0 	0 	0 	0 	0 	
131.884 	160.649 	80.3245 	400000 	-273408 	17.4891 	0 	0 	0 	0 	0 	0 	
134.881 	160.066 	80.033 	400000 	-271983 	17.4891 	0 	0 	0 	0 	0 	0 	
137.878 	159.47 	79.7348 	400000 	-270526 	17.4891 	0 	0 	0 	0 	0 	0 	
140.876 	158.86 	79.4301 	400000 	-269037 	17.4891 	0 	0 	0 	0 	0 	0 	
143.873 	158.238 	79.1189 	400000 	-275804 	17.4049 	0 	0 	0 	0 	0 	0 	
146.871 	157.602 	78.8011 	400000 	-274211 	17.4049 	0 	0 	0 	0 	0 	0 	
149.868 	156.954 	78.4768 	400000 	-272287 	17.4049 	0 	0 	0 	0 	0 	0 	
152.865 	156.292 	78.1459 	400000 	-270628 	17.4049 	0 	0 	0 	0 	0 	0 	
155.863 	155.617 	77.8084 	400000 	-276867 	17.3054 	0 	0 	0 	0 	0 	0 	
158.86 	154.929 	77.4644 	400000 	-275100 	17.3054 	0 	0 	0 	0 	0 	0 	
161.857 	154.228 	77.1139 	400000 	-273299 	17.3054 	0 	0 	0 	0 	0 	0 	
164.855 	153.513 	76.7567 	400000 	-286573 	17.1902 	0 	0 	0 	0 	0 	0 	
167.852 	152.786 	76.3931 	400000 	-284618 	17.1902 	0 	0 	0 	0 	0 	0 	
170.849 	152.046 	76.0229 	400000 	-282627 	17.1902 	0 	0 	0 	0 	0 	0 	
173.847 	151.292 	75.6461 	400000 	-280602 	17.1902 	0 	0 	0 	0 	0 	0 	
176.844 	150.526 	75.2628 	400000 	-285697 	17.059 	0 	0 	0 	0 	0 	0 	
179.841 	149.746 	74.8729 	400000 	-283556 	17.059 	0 	0 	0 	0 	0 	0 	
182.839 	148.953 	74.4765 	400000 	-281379 	17.059 	0 	0 	0 	0 	0 	0 	
185.836 	148.147 	74.0735 	400000 	-286053 	16.9112 	0 	0 	0 	0 	0 	0 	
188.834 	147.328 	73.664 	400000 	-283757 	16.9112 	0 	0 	0 	0 	0 	0 	
191.831 	146.496 	73.2479 	400000 	-281425 	16.9112 	0 	0 	0 	0 	0 	0 	
194.828 	145.651 	72.8253 	400000 	-292515 	16.7465 	0 	0 	0 	0 	0 	0 	
197.826 	144.792 	72.3961 	400000 	-290015 	16.7465 	0 	0 	0 	0 	0 	0 	
200.823 	143.921 	71.9604 	400000 	-287477 	16.7465 	0 	0 	0 	0 	0 	0 	
203.82 	143.036 	71.5181 	400000 	-297333 	16.5644 	0 	0 	0 	0 	0 	0 	
206.818 	142.138 	71.0692 	400000 	-294623 	16.5644 	0 	0 	0 	0 	0 	0 	
209.815 	141.228 	70.6138 	400000 	-297516 	16.3645 	0 	0 	0 	0 	0 	0 	
212.812 	140.304 	70.1519 	400000 	-294680 	16.3645 	0 	0 	0 	0 	0 	0 	
215.81 	139.367 	69.6834 	400000 	-291803 	16.3645 	0 	0 	0 	0 	0 	0 	
218.807 	138.417 	69.2083 	400000 	-300291 	16.1464 	0 	0 	0 	0 	0 	0 	
221.804 	137.453 	68.7267 	400000 	-297237 	16.1464 	0 	0 	0 	0 	0 	0 	
224.802 	136.477 	68.2386 	400000 	-294142 	16.1464 	0 	0 	0 	0 	0 	0 	
227.799 	135.488 	67.7439 	400000 	-301812 	15.9097 	0 	0 	0 	0 	0 	0 	
230.797 	134.485 	67.2426 	400000 	-298535 	15.9097 	0 	0 	0 	0 	0 	0 	
233.794 	133.47 	66.7348 	400000 	-305552 	15.6541 	0 	0 	0 	0 	0 	0 	
236.791 	132.441 	66.2204 	400000 	-302093 	15.6541 	0 	0 	0 	0 	0 	0 	
239.789 	131.399 	65.6995 	400000 	-298589 	15.6541 	0 	0 	0 	0 	0 	0 	
242.786 	130.344 	65.1721 	400000 	-309655 	15.379 	0 	0 	0 	0 	0 	0 	
245.783 	129.276 	64.638 	400000 	-306277 	15.379 	0 	0 	0 	0 	0 	0 	
248.781 	128.195 	64.0975 	400000 	-311778 	15.0842 	0 	0 	0 	0 	0 	0 	
251.778 	127.101 	63.5503 	400000 	-307851 	15.0842 	0 	0 	0 	0 	0 	0 	
254.775 	125.993 	62.9966 	400000 	-312774 	14.7691 	0 	0 	0 	0 	0 	0 	
257.773 	124.873 	62.4364 	400000 	-308656 	14.7691 	0 	0 	0 	0 	0 	0 	
260.77 	123.739 	61.8696 	400000 	-316844 	14.4336 	0 	0 	0 	0 	0 	0 	
263.767 	122.593 	61.2963 	400000 	-312485 	14.4336 	0 	0 	0 	0 	0 	0 	
266.765 	121.433 	60.7164 	400000 	-308076 	14.4336 	0 	0 	0 	0 	0 	0 	
269.762 	120.26 	60.13 	400000 	-315565 	14.0773 	0 	0 	0 	0 	0 	0 	
272.76 	119.074 	59.537 	400000 	-310912 	14.0773 	0 	0 	0 	0 	0 	0 	
275.757 	117.875 	58.9374 	400000 	-317561 	13.6998 	0 	0 	0 	0 	0 	0 	
278.754 	116.663 	58.3313 	400000 	-312662 	13.6998 	0 	0 	0 	0 	0 	0 	
281.752 	115.437 	57.7187 	400000 	-318508 	13.3008 	0 	0 	0 	0 	0 	0 	
284.749 	114.199 	57.0995 	400000 	-313360 	13.3008 	0 	0 	0 	0 	0 	0 	
287.746 	112.947 	56.4737 	400000 	-321804 	12.88 	0 	0 	0 	0 	0 	0 	
290.744 	111.683 	55.8414 	400000 	-316359 	12.88 	0 	0 	0 	0 	0 	0 	
293.741 	110.405 	55.2025 	400000 	-320563 	12.4372 	0 	0 	0 	0 	0 	0 	
296.738 	109.114 	54.5571 	400000 	-315277 	12.4372 	0 	0 	0 	0 	0 	0 	
299.736 	107.81 	53.9052 	400000 	-321803 	11.972 	0 	0 	0 	0 	0 	0 	
302.733 	106.493 	53.2466 	400000 	-315806 	11.972 	0 	0 	0 	0 	0 	0 	
305.73 	105.163 	52.5816 	400000 	-321363 	11.4844 	0 	0 	0 	0 	0 	0 	
308.728 	103.82 	51.9099 	400000 	-315064 	11.4844 	0 	0 	0 	0 	0 	0 	
311.725 	102.464 	51.2318 	400000 	-319258 	10.974 	0 	0 	0 	0 	0 	0 	
314.723 	101.094 	50.547 	400000 	-325821 	10.4406 	0 	0 	0 	0 	0 	0 	
317.72 	99.7115 	49.8558 	400000 	-318934 	10.4406 	0 	0 	0 	0 	0 	0 	
320.717 	98.3158 	49.1579 	400000 	-324379 	9.88427 	0 	0 	0 	0 	0 	0 	
323.715 	96.9071 	48.4535 	400000 	-317142 	9.88427 	0 	0 	0 	0 	0 	0 	
326.712 	95.4852 	47.7426 	400000 	-321512 	9.3046 	0 	0 	0 	0 	0 	0 	
329.709 	94.0502 	47.0251 	400000 	-313924 	9.3046 	0 	0 	0 	0 	0 	0 	
332.707 	92.6021 	46.3011 	400000 	-319426 	8.70155 	0 	0 	0 	0 	0 	0 	
335.704 	91.1409 	45.5705 	400000 	-321950 	8.07506 	0 	0 	0 	0 	0 	0 	
338.701 	89.6666 	44.8333 	400000 	-313687 	8.07506 	0 	0 	0 	0 	0 	0 	
341.699 	88.1792 	44.0896 	400000 	-317195 	7.42505 	0 	0 	0 	0 	0 	0 	
344.696 	86.6787 	43.3394 	400000 	-308536 	7.42505 	0 	0 	0 	0 	0 	0 	
347.693 	85.1651 	42.5826 	400000 	-313206 	6.75144 	0 	0 	0 	0 	0 	0 	
350.691 	83.6384 	41.8192 	400000 	-314710 	6.05422 	0 	0 	0 	0 	0 	0 	
353.688 	82.0986 	41.0493 	400000 	-305295 	6.05422 	0 	0 	0 	0 	0 	0 	
356.686 	80.5457 	40.2728 	400000 	-308990 	5.33336 	0 	0 	0 	0 	0 	0 	
359.683 	78.9796 	39.4898 	400000 	-299098 	5.33336 	0 	0 	0 	0 	0 	0 	
362.68 	77.4005 	38.7002 	400000 	-301383 	4.58885 	0 	0 	0 	0 	0 	0 	
365.678 	75.8082 	37.9041 	400000 	-303634 	3.82075 	0 	0 	0 	0 	0 	0 	
368.675 	74.2029 	37.1015 	400000 	-292836 	3.82075 	0 	0 	0 	0 	0 	0 	
371.672 	72.5845 	36.2922 	400000 	-292763 	3.02901 	0 	0 	0 	0 	0 	0 	
374.67 	70.9529 	35.4764 	400000 	-293077 	2.21371 	0 	0 	0 	0 	0 	0 	
377.667 	69.3082 	34.6541 	400000 	-281380 	2.21377 	0 	0 	0 	0 	0 	0 	
380.664 	67.6505 	33.8252 	400000 	-282647 	1.37497 	0 	0 	0 	0 	0 	0 	
383.662 	65.9796 	32.9898 	400000 	-281624 	0.512557 	0 	0 	0 	0 	0 	0 	
386.659 	64.2956 	32.1478 	400000 	-268891 	0.512732 	0 	0 	0 	0 	0 	0 	
389.656 	62.5986 	31.2993 	400000 	-267434 	-0.3739 	0 	0 	0 	0 	0 	0 	
392.654 	60.8884 	30.4442 	400000 	-264896 	-1.28628 	0 	0 	0 	0 	0 	0 	
395.651 	59.1651 	29.5825 	400000 	-251101 	-1.28996 	0 	0 	0 	0 	0 	0 	
398.649 	57.4287 	28.7143 	400000 	-250091 	-2.23996 	0 	0 	0 	0 	0 	0 	
401.646 	55.6792 	27.8396 	400000 	-245676 	-3.23791 	0 	0 	0 	0 	0 	0 	
404.643 	53.9166 	26.9583 	400000 	-230667 	-3.29246 	0 	0 	0 	0 	0 	0 	
407.641 	52.1409 	26.0704 	400000 	-225756 	-4.42934 	0 	0 	0 	0 	0 	0 	
410.638 	50.3521 	25.176 	400000 	-222229 	-5.73968 	0 	0 	0 	0 	0 	0 	
413.635 	48.5501 	24.2751 	400000 	-214882 	-7.32797 	0 	0 	0 	0 	0 	0 	
416.633 	46.7351 	23.3676 	400000 	-205208 	-7.9869 	0 	0 	0 	0 	0 	0 	
419.63 	44.907 	22.4535 	400000 	-197578 	-10.4374 	0 	0 	0 	0 	0 	0 	
422.627 	43.0658 	21.5329 	400000 	-189253 	-13.6898 	0 	0 	0 	0 	0 	0 	
425.625 	41.2114 	20.6057 	400000 	-180477 	-17.9936 	0 	0 	0 	0 	0 	0 	
428.622 	39.344 	19.672 	400000 	-161590 	-21.0668 	0 	0 	0 	0 	0 	0 	
431.619 	37.4634 	18.7317 	400000 	-147157 	-27.6141 	0 	0 	0 	0 	0 	0 	
434.617 	35.5698 	17.7849 	400000 	-137525 	-35.5856 	0 	0 	0 	0 	0 	0 	
437.614 	33.663 	16.8315 	400000 	-128017 	-44.8562 	0 	0 	0 	0 	0 	0 	
440.576 	0 	0 	0 	0 	0 	0 	0 	0 	0 	0 	0 	
443.532 	0 	0 	0 	0 	0 	0 	0 	0 	0 	0 	0 	
446.487 	0 	0 	0 	0 	0 	0 	0 	0 	0 	0 	0 	
449.44 	0 	0 	0 	0 	0 	0 	0 	0 	0 	0 	0 	
452.393 	0 	0 	0 	0 	0 	0 	0 	0 	0 	0 	0 	
455.346 	0 	0 	0 	0 	0 	0 	0 	0 	0 	0 	0 	
458.3 	0 	0 	0 	0 	0 	0 	0 	0 	0 	0 	0 	
461.255 	0 	0 	0 	0 	0 	0 	0 	0 	0 	0 	0 	
464.213 	0 	0 	0 	0 	0 	0 	0 	0 	0 	0 	0 	
467.172 	0 	0 	0 	0 	0 	0 	0 	0 	0 	0 	0 	
470.134 	0 	0 	0 	0 	0 	0 	0 	0 	0 	0 	0 	
473.098 	0 	0 	0 	0 	0 	0 	0 	0 	0 	0 	0 	
476.064 	0 	0 	0 	0 	0 	0 	0 	0 	0 	0 	0 	
479.034 	0 	0 	0 	0 	0 	0 	0 	0 	0 	0 	0 	
482.005 	0 	0 	0 	0 	0 	0 	0 	0 	0 	0 	0 	
484.979 	0 	0 	0 	0 	0 	0 	0 	0 	0 	0 	0 	
487.955 	0 	0 	0 	0 	0 	0 	0 	0 	0 	0 	0 	
490.934 	0 	0 	0 	0 	0 	0 	0 	0 	0 	0 	0 	
493.914 	0 	0 	0 	0 	0 	0 	0 	0 	0 	0 	0 	
496.896 	0 	0 	0 	0 	0 	0 	0 	0 	0 	0 	0 	
499.88 	0 	0 	0 	0 	0 	0 	0 	0 	0 	0 	0 	
502.865 	0 	0 	0 	0 	0 	0 	0 	0 	0 	0 	0 	
505.852 	0 	0 	0 	0 	0 	0 	0 	0 	0 	0 	0 	
508.84 	0 	0 	0 	0 	0 	0 	0 	0 	0 	0 	0 	
511.829 	0 	0 	0 	0 	0 	0 	0 	0 	0 	0 	0 	
514.82 	0 	0 	0 	0 	0 	0 	0 	0 	0 	0 	0 	
517.811 	0 	0 	0 	0 	0 	0 	0 	0 	0 	0 	0 	
520.804 	0 	0 	0 	0 	0 	0 	0 	0 	0 	0 	0 	
523.797 	0 	0 	0 	0 	0 	0 	0 	0 	0 	0 	0 	
526.79 	0 	0 	0 	0 	0 	0 	0 	0 	0 	0 	0 	
529.785 	0 	0 	0 	0 	0 	0 	0 	0 	0 	0 	0 	
532.78 	0 	0 	0 	0 	0 	0 	0 	0 	0 	0 	0 	
535.775 	0 	0 	0 	0 	0 	0 	0 	0 	0 	0 	0 	
538.771 	0 	0 	0 	0 	0 	0 	0 	0 	0 	0 	0 	
541.767 	0 	0 	0 	0 	0 	0 	0 	0 	0 	0 	0 	
544.764 	0 	0 	0 	0 	0 	0 	0 	0 	0 	0 	0 	
547.76 	0 	0 	0 	0 	0 	0 	0 	0 	0 	0 	0 	
550.757 	0 	0 	0 	0 	0 	0 	0 	0 	0 	0 	0 	
553.754 	0 	0 	0 	0 	0 	0 	0 	0 	0 	0 	0 	
556.751 	0 	0 	0 	0 	0 	0 	0 	0 	0 	0 	0 	
559.749 	0 	0 	0 	0 	0 	0 	0 	0 	0 	0 	0 	
562.746 	0 	0 	0 	0 	0 	0 	0 	0 	0 	0 	0 	
565.743 	0 	0 	0 	0 	0 	0 	0 	0 	0 	0 	0 	
568.741 	0 	0 	0 	0 	0 	0 	0 	0 	0 	0 	0 	
571.738 	0 	0 	0 	0 	0 	0 	0 	0 	0 	0 	0 	
574.735 	0 	0 	0 	0 	0 	0 	0 	0 	0 	0 	0 	
577.733 	0 	0 	0 	0 	0 	0 	0 	0 	0 	0 	0 	
580.73 	0 	0 	0 	0 	0 	0 	0 	0 	0 	0 	0 	
583.727 	0 	0 	0 	0 	0 	0 	0 	0 	0 	0 	0 	
586.725 	0 	0 	0 	0 	0 	0 	0 	0 	0 	0 	0 	
589.722 	0 	0 	0 	0 	0 	0 	0 	0 	0 	0 	0 	
592.719 	0 	0 	0 	0 	0 	0 	0 	0 	0 	0 	0 	
595.717 	0 	0 	0 	0 	0 	0 	0 	0 	0 	0 	0 	
598.714 	0 	0 	0 	0 	0 	0 	0 	0 	0 	0 	0 	
