2.99736 	0 	
5.99471 	0 	
8.99207 	0 	
11.9894 	0 	
14.9868 	0 	
17.9841 	0 	
20.9815 	0 	
23.9789 	0 	
26.9762 	0 	
29.9736 	0 	
32.9709 	0 	
35.9683 	0 	
38.9656 	0 	
41.963 	0 	
44.9604 	0 	
47.9577 	0 	
50.9551 	0 	
53.9524 	0 	
56.9498 	0 	
59.9471 	0 	
62.9445 	0 	
65.9419 	0 	
68.9392 	0 	
71.9366 	0 	
74.9339 	0 	
77.9313 	0 	
80.9286 	0 	
83.926 	0 	
86.9234 	0 	
89.9207 	0 	
92.9181 	0 	
95.9154 	0 	
98.9128 	0 	
101.91 	0 	
104.908 	0 	
107.905 	0 	
110.902 	0 	
113.9 	0 	
116.897 	0 	
119.894 	0 	
122.892 	0 	
125.889 	0 	
128.886 	0 	
131.884 	0 	
134.881 	0 	
137.878 	0 	
140.876 	0 	
143.873 	0 	
146.871 	0 	
149.868 	0 	
152.865 	0 	
155.863 	0 	
158.86 	0 	
161.857 	0 	
164.855 	0 	
167.852 	0 	
170.849 	0 	
173.847 	0 	
176.844 	0 	
179.841 	0 	
182.839 	0 	
185.836 	0 	
188.834 	0 	
191.831 	0 	
194.828 	0 	
197.826 	0 	
200.823 	0 	
203.82 	0 	
206.818 	0 	
209.815 	0 	
212.812 	0 	
215.81 	0 	
218.807 	0 	
221.804 	0 	
224.802 	0 	
227.799 	0 	
230.797 	0 	
233.794 	0 	
236.791 	0 	
239.789 	0 	
242.786 	0 	
245.783 	0 	
248.781 	0 	
251.778 	0 	
254.775 	0 	
257.773 	0 	
260.77 	0 	
263.767 	0 	
266.765 	0 	
269.762 	0 	
272.76 	0 	
275.757 	0 	
278.754 	0 	
281.752 	0 	
284.749 	0 	
287.746 	0 	
290.744 	0 	
293.741 	0 	
296.738 	0 	
299.736 	0 	
302.733 	0 	
305.73 	0 	
308.728 	0 	
311.725 	0 	
314.723 	0 	
317.72 	0 	
320.717 	0 	
323.715 	0 	
326.712 	0 	
329.709 	0 	
332.707 	0 	
335.704 	0 	
338.701 	0 	
341.699 	0 	
344.696 	0 	
347.693 	0 	
350.691 	0 	
353.688 	0 	
356.686 	0 	
359.683 	0 	
362.68 	0 	
365.678 	0 	
368.675 	0 	
371.672 	0 	
374.67 	0 	
377.667 	0 	
380.664 	0 	
383.662 	0 	
386.659 	0 	
389.656 	0 	
392.654 	0 	
395.651 	0 	
398.649 	0 	
401.646 	0 	
404.643 	0 	
407.641 	0 	
410.638 	0 	
413.635 	0 	
416.633 	0 	
419.63 	0 	
422.627 	0 	
425.625 	0 	
428.622 	0 	
431.619 	0 	
434.617 	0 	
437.614 	0 	
440.612 	0 	
443.609 	0 	
446.606 	0 	
449.604 	0 	
452.601 	0 	
455.598 	0 	
458.596 	0 	
461.593 	0 	
464.59 	0 	
467.588 	0 	
470.585 	0 	
473.582 	0 	
476.58 	0 	
479.577 	0 	
482.575 	0 	
485.572 	0 	
488.569 	0 	
491.567 	0 	
494.564 	0 	
497.561 	0 	
500.559 	0 	
503.556 	0 	
506.553 	0 	
509.551 	0 	
512.548 	0 	
515.545 	0 	
518.543 	0 	
521.54 	0 	
524.538 	0 	
527.535 	0 	
530.532 	0 	
533.53 	0 	
536.527 	0 	
539.524 	0 	
542.522 	0 	
545.519 	0 	
548.516 	0 	
551.514 	0 	
554.511 	0 	
557.508 	0 	
560.506 	0 	
563.503 	0 	
566.501 	0 	
569.498 	0 	
572.495 	0 	
575.493 	0 	
578.49 	0 	
581.487 	0 	
584.485 	0 	
587.482 	0 	
590.479 	0 	
593.477 	0 	
596.474 	0 	
599.471 	0 	
2.99736 	0 	
5.99471 	0.185209 	
8.99207 	0.483276 	
11.9894 	0.927265 	
14.9868 	1.52255 	
17.9841 	2.26708 	
20.9815 	3.15963 	
23.9789 	4.19918 	
26.9762 	5.38467 	
29.9736 	6.71501 	
32.9709 	8.18898 	
35.9683 	9.80525 	
38.9656 	11.5624 	
41.963 	13.4588 	
44.9604 	15.4927 	
47.9577 	17.6625 	
50.9551 	19.9661 	
53.9524 	22.4015 	
56.9498 	24.9665 	
59.9471 	27.6588 	
62.9445 	30.4761 	
65.9419 	33.4158 	
68.9392 	36.4753 	
71.9366 	39.6519 	
74.9339 	42.9427 	
77.9313 	46.3447 	
80.9286 	49.8551 	
83.926 	53.4705 	
86.9234 	57.1877 	
89.9207 	61.0035 	
92.9181 	64.9142 	
95.9154 	68.9165 	
98.9128 	73.0067 	
101.91 	77.1811 	
104.908 	81.4358 	
107.905 	85.7671 	
110.902 	90.1709 	
113.9 	94.6432 	
116.897 	99.18 	
119.894 	103.777 	
122.892 	108.43 	
125.889 	113.135 	
128.886 	117.887 	
131.884 	122.682 	
134.881 	127.515 	
137.878 	132.383 	
140.876 	137.279 	
143.873 	142.201 	
146.871 	147.142 	
149.868 	152.099 	
152.865 	157.066 	
155.863 	162.039 	
158.86 	167.014 	
161.857 	171.984 	
164.855 	176.946 	
167.852 	181.895 	
170.849 	186.825 	
173.847 	191.733 	
176.844 	196.612 	
179.841 	201.458 	
182.839 	206.267 	
185.836 	211.034 	
188.834 	215.752 	
191.831 	220.419 	
194.828 	225.029 	
197.826 	229.577 	
200.823 	234.059 	
203.82 	238.469 	
206.818 	242.804 	
209.815 	247.058 	
212.812 	251.227 	
215.81 	255.306 	
218.807 	259.292 	
221.804 	263.179 	
224.802 	266.963 	
227.799 	270.64 	
230.797 	274.206 	
233.794 	277.656 	
236.791 	280.987 	
239.789 	284.194 	
242.786 	287.274 	
245.783 	290.223 	
248.781 	293.037 	
251.778 	295.713 	
254.775 	298.247 	
257.773 	300.635 	
260.77 	302.875 	
263.767 	304.963 	
266.765 	306.897 	
269.762 	308.672 	
272.76 	310.288 	
275.757 	311.74 	
278.754 	313.026 	
281.752 	314.145 	
284.749 	315.093 	
287.746 	315.869 	
290.744 	316.47 	
293.741 	316.895 	
296.738 	317.143 	
299.736 	317.211 	
302.733 	317.099 	
305.73 	316.805 	
308.728 	316.328 	
311.725 	315.667 	
314.723 	314.823 	
317.72 	313.793 	
320.717 	312.578 	
323.715 	311.178 	
326.712 	309.593 	
329.709 	307.822 	
332.707 	305.867 	
335.704 	303.728 	
338.701 	301.405 	
341.699 	298.9 	
344.696 	296.213 	
347.693 	293.346 	
350.691 	290.301 	
353.688 	287.078 	
356.686 	283.681 	
359.683 	280.11 	
362.68 	276.368 	
365.678 	272.457 	
368.675 	268.381 	
371.672 	264.14 	
374.67 	259.74 	
377.667 	255.181 	
380.664 	250.468 	
383.662 	245.604 	
386.659 	240.593 	
389.656 	235.437 	
392.654 	230.142 	
395.651 	224.711 	
398.649 	219.15 	
401.646 	213.468 	
404.643 	207.68 	
407.641 	201.815 	
410.638 	195.933 	
413.635 	190.144 	
416.633 	184.641 	
419.63 	179.735 	
422.627 	175.866 	
425.625 	173.585 	
428.622 	173.468 	
431.619 	175.951 	
434.617 	181.094 	
437.614 	188.3 	
440.595 	843039 	
443.572 	859429 	
446.546 	861270 	
449.518 	862635 	
452.49 	862656 	
455.462 	860537 	
458.434 	855672 	
461.408 	847694 	
464.382 	836479 	
467.359 	822132 	
470.336 	804932 	
473.316 	785277 	
476.297 	763621 	
479.279 	740422 	
482.263 	716104 	
485.249 	691035 	
488.235 	665519 	
491.223 	639794 	
494.211 	614045 	
497.201 	588408 	
500.192 	562987 	
503.183 	537856 	
506.175 	513073 	
509.168 	488682 	
512.161 	464718 	
515.155 	441206 	
518.149 	418167 	
521.144 	395612 	
524.139 	373539 	
527.135 	351932 	
530.131 	330751 	
533.127 	309922 	
536.123 	289323 	
539.119 	268769 	
542.116 	248002 	
545.113 	226688 	
548.11 	204437 	
551.107 	180876 	
554.104 	155770 	
557.101 	129230 	
560.098 	101930 	
563.096 	75229 	
566.093 	51019.1 	
569.09 	31182.2 	
572.088 	16847.8 	
575.085 	7907.66 	
578.082 	3178.35 	
581.08 	1082.52 	
584.077 	310.163 	
587.074 	74.2705 	
590.072 	14.6844 	
593.069 	2.31379 	
596.066 	0.253 	
599.064 	0.249623 	
2.99736 	0 	
5.99471 	0.198179 	
8.99207 	0.517117 	
11.9894 	0.992196 	
14.9868 	1.62916 	
17.9841 	2.42583 	
20.9815 	3.38088 	
23.9789 	4.49321 	
26.9762 	5.76171 	
29.9736 	7.18519 	
32.9709 	8.76236 	
35.9683 	10.4918 	
38.9656 	12.3719 	
41.963 	14.4011 	
44.9604 	16.5774 	
47.9577 	18.8991 	
50.9551 	21.3639 	
53.9524 	23.9697 	
56.9498 	26.7142 	
59.9471 	29.595 	
62.9445 	32.6094 	
65.9419 	35.7548 	
68.9392 	39.0284 	
71.9366 	42.4272 	
74.9339 	45.9482 	
77.9313 	49.5883 	
80.9286 	53.3441 	
83.926 	57.2124 	
86.9234 	61.1896 	
89.9207 	65.2722 	
92.9181 	69.4564 	
95.9154 	73.7385 	
98.9128 	78.1146 	
101.91 	82.5807 	
104.908 	87.1328 	
107.905 	91.7667 	
110.902 	96.4782 	
113.9 	101.263 	
116.897 	106.117 	
119.894 	111.035 	
122.892 	116.013 	
125.889 	121.046 	
128.886 	126.129 	
131.884 	131.259 	
134.881 	136.43 	
137.878 	141.637 	
140.876 	146.875 	
143.873 	152.139 	
146.871 	157.425 	
149.868 	162.728 	
152.865 	168.041 	
155.863 	173.361 	
158.86 	178.682 	
161.857 	183.998 	
164.855 	189.306 	
167.852 	194.599 	
170.849 	199.872 	
173.847 	205.121 	
176.844 	210.34 	
179.841 	215.523 	
182.839 	220.666 	
185.836 	225.763 	
188.834 	230.81 	
191.831 	235.8 	
194.828 	240.73 	
197.826 	245.593 	
200.823 	250.385 	
203.82 	255.101 	
206.818 	259.736 	
209.815 	264.285 	
212.812 	268.742 	
215.81 	273.103 	
218.807 	277.364 	
221.804 	281.519 	
224.802 	285.564 	
227.799 	289.495 	
230.797 	293.306 	
233.794 	296.994 	
236.791 	300.553 	
239.789 	303.981 	
242.786 	307.272 	
245.783 	310.423 	
248.781 	313.429 	
251.778 	316.287 	
254.775 	318.994 	
257.773 	321.544 	
260.77 	323.936 	
263.767 	326.165 	
266.765 	328.229 	
269.762 	330.124 	
272.76 	331.847 	
275.757 	333.395 	
278.754 	334.767 	
281.752 	335.958 	
284.749 	336.967 	
287.746 	337.792 	
290.744 	338.43 	
293.741 	338.88 	
296.738 	339.139 	
299.736 	339.207 	
302.733 	339.081 	
305.73 	338.761 	
308.728 	338.246 	
311.725 	337.534 	
314.723 	336.624 	
317.72 	335.517 	
320.717 	334.212 	
323.715 	332.709 	
326.712 	331.008 	
329.709 	329.109 	
332.707 	327.012 	
335.704 	324.718 	
338.701 	322.228 	
341.699 	319.543 	
344.696 	316.664 	
347.693 	313.593 	
350.691 	310.33 	
353.688 	306.879 	
356.686 	303.24 	
359.683 	299.415 	
362.68 	295.408 	
365.678 	291.221 	
368.675 	286.857 	
371.672 	282.318 	
374.67 	277.607 	
377.667 	272.729 	
380.664 	267.687 	
383.662 	262.487 	
386.659 	257.135 	
389.656 	251.642 	
392.654 	246.023 	
395.651 	240.301 	
398.649 	234.514 	
401.646 	228.716 	
404.643 	222.99 	
407.641 	217.447 	
410.638 	212.234 	
413.635 	207.53 	
416.633 	203.534 	
419.63 	200.447 	
422.627 	198.436 	
425.625 	197.597 	
428.622 	197.902 	
431.619 	199.146 	
434.617 	200.904 	
437.614 	202.512 	
440.576 	865276 	
443.532 	864010 	
446.487 	853736 	
449.44 	844150 	
452.393 	834888 	
455.346 	825538 	
458.3 	815715 	
461.255 	805087 	
464.213 	793389 	
467.172 	780428 	
470.134 	766086 	
473.098 	750316 	
476.064 	733133 	
479.034 	714607 	
482.005 	694852 	
484.979 	674010 	
487.955 	652240 	
490.934 	629707 	
493.914 	606568 	
496.896 	582966 	
499.88 	559022 	
502.865 	534826 	
505.852 	510437 	
508.84 	485874 	
511.829 	461118 	
514.82 	436105 	
517.811 	410729 	
520.804 	384848 	
523.797 	358288 	
526.79 	330868 	
529.785 	302424 	
532.78 	272858 	
535.775 	242193 	
538.771 	210640 	
541.767 	178655 	
544.764 	146969 	
547.76 	116560 	
550.757 	88541.5 	
553.754 	63983.5 	
556.751 	43686.7 	
559.749 	27999.2 	
562.746 	16743.9 	
565.743 	9294.63 	
568.741 	4769.23 	
571.738 	2254.9 	
574.735 	980.111 	
577.733 	390.972 	
580.73 	142.871 	
583.727 	47.6776 	
586.725 	14.4306 	
589.722 	3.89812 	
592.719 	0.900914 	
595.717 	0.153794 	
598.714 	0.151738 	
