0 	0 	0 	0 	0 	0 	
0.0100049 	5.05e+28 	0 	0 	0 	3.49318e+24 	
0.0100099 	1.00935e+29 	0 	0 	0 	7.06378e+24 	
0.0100149 	1.51307e+29 	0 	0 	0 	1.06406e+25 	
0.0100199 	2.01614e+29 	0 	0 	0 	1.42236e+25 	
0.0100249 	2.51858e+29 	0 	0 	0 	1.78128e+25 	
0.0100299 	3.02038e+29 	0 	0 	0 	2.14082e+25 	
0.0100349 	3.52156e+29 	0 	0 	0 	2.50098e+25 	
0.0100399 	4.02211e+29 	0 	0 	0 	2.86176e+25 	
0.0100449 	4.52203e+29 	0 	0 	0 	3.22317e+25 	
0.0100499 	5.02134e+29 	0 	0 	0 	3.5852e+25 	
0.0100549 	5.52003e+29 	0 	0 	0 	3.94785e+25 	
0.0100599 	6.0181e+29 	0 	0 	0 	4.31112e+25 	
0.0100649 	6.51556e+29 	0 	0 	0 	4.67502e+25 	
0.0100699 	7.01241e+29 	0 	0 	0 	5.03954e+25 	
0.0100749 	7.50866e+29 	0 	0 	0 	5.40468e+25 	
0.0100799 	8.0043e+29 	0 	0 	0 	5.77045e+25 	
0.0100849 	8.49934e+29 	0 	0 	0 	6.13684e+25 	
0.0100899 	8.99379e+29 	0 	0 	0 	6.50386e+25 	
0.0100949 	9.48764e+29 	0 	0 	0 	6.8715e+25 	
0.0100999 	9.9809e+29 	0 	0 	0 	7.23977e+25 	
0.0101049 	1.04736e+30 	0 	0 	0 	7.60866e+25 	
0.0101099 	1.09657e+30 	0 	0 	0 	7.97818e+25 	
0.0101149 	1.14572e+30 	0 	0 	0 	8.34832e+25 	
0.0101199 	1.19481e+30 	0 	0 	0 	8.71909e+25 	
0.0101249 	1.24384e+30 	0 	0 	0 	9.09049e+25 	
0.0101299 	1.29282e+30 	0 	0 	0 	9.46251e+25 	
0.0101349 	1.34174e+30 	0 	0 	0 	9.83516e+25 	
0.0101399 	1.3906e+30 	0 	0 	0 	1.02084e+26 	
0.0101449 	1.43941e+30 	0 	0 	0 	1.05823e+26 	
0.0101499 	1.48816e+30 	0 	0 	0 	1.09569e+26 	
0.0101549 	1.53685e+30 	0 	0 	0 	1.1332e+26 	
0.0101599 	1.58549e+30 	0 	0 	0 	1.17078e+26 	
0.0101649 	1.63408e+30 	0 	0 	0 	1.20842e+26 	
0.0101699 	1.6826e+30 	0 	0 	0 	1.24613e+26 	
0.0101749 	1.73108e+30 	0 	0 	0 	1.28389e+26 	
0.0101799 	1.77949e+30 	0 	0 	0 	1.32172e+26 	
0.0101849 	1.82786e+30 	0 	0 	0 	1.35962e+26 	
0.0101899 	1.87617e+30 	0 	0 	0 	1.39757e+26 	
0.0101949 	1.92442e+30 	0 	0 	0 	1.43559e+26 	
0.0101999 	1.97262e+30 	0 	0 	0 	1.47367e+26 	
0.0102049 	2.02077e+30 	0 	0 	0 	1.51181e+26 	
0.0102099 	2.06886e+30 	0 	0 	0 	1.55002e+26 	
0.0102149 	2.11691e+30 	0 	0 	0 	1.58829e+26 	
0.0102199 	2.1649e+30 	0 	0 	0 	1.62662e+26 	
0.0102249 	2.21283e+30 	0 	0 	0 	1.66502e+26 	
0.0102299 	2.26072e+30 	0 	0 	0 	1.70348e+26 	
0.0102349 	2.30855e+30 	0 	0 	0 	1.742e+26 	
0.0102399 	2.35633e+30 	0 	0 	0 	1.78059e+26 	
0.0102449 	2.40406e+30 	0 	0 	0 	1.81923e+26 	
0.0102499 	2.45174e+30 	0 	0 	0 	1.85795e+26 	
0.0102549 	2.49937e+30 	0 	0 	0 	1.89672e+26 	
0.0102599 	2.54694e+30 	0 	0 	0 	1.93556e+26 	
0.0102649 	2.59447e+30 	0 	0 	0 	1.97446e+26 	
0.0102699 	2.64195e+30 	0 	0 	0 	2.01342e+26 	
0.0102749 	2.68937e+30 	0 	0 	0 	2.05245e+26 	
0.0102799 	2.73675e+30 	0 	0 	0 	2.09154e+26 	
0.0102849 	2.78408e+30 	0 	0 	0 	2.13069e+26 	
0.0102899 	2.83135e+30 	0 	0 	0 	2.16991e+26 	
0.0102949 	2.87858e+30 	0 	0 	0 	2.20919e+26 	
0.0102999 	2.92576e+30 	0 	0 	0 	2.24853e+26 	
0.0103049 	2.9729e+30 	0 	0 	0 	2.28794e+26 	
0.0103099 	3.01998e+30 	0 	0 	0 	2.32741e+26 	
0.0103149 	3.06701e+30 	0 	0 	0 	2.36695e+26 	
0.0103199 	3.114e+30 	0 	0 	0 	2.40654e+26 	
0.0103249 	3.16094e+30 	0 	0 	0 	2.4462e+26 	
0.0103299 	3.20784e+30 	0 	0 	0 	2.48593e+26 	
0.0103349 	3.25468e+30 	0 	0 	0 	2.52571e+26 	
0.0103399 	3.30148e+30 	0 	0 	0 	2.56556e+26 	
0.0103449 	3.34823e+30 	0 	0 	0 	2.60548e+26 	
0.0103499 	3.39494e+30 	0 	0 	0 	2.64546e+26 	
0.0103549 	3.4416e+30 	0 	0 	0 	2.6855e+26 	
0.0103599 	3.48821e+30 	0 	0 	0 	2.7256e+26 	
0.0103649 	3.53478e+30 	0 	0 	0 	2.76577e+26 	
0.0103699 	3.5813e+30 	0 	0 	0 	2.806e+26 	
0.0103749 	3.62778e+30 	0 	0 	0 	2.8463e+26 	
0.0103799 	3.67421e+30 	0 	0 	0 	2.88666e+26 	
0.0103849 	3.72059e+30 	0 	0 	0 	2.92708e+26 	
0.0103899 	3.76694e+30 	0 	0 	0 	2.96757e+26 	
0.0103949 	3.81323e+30 	0 	0 	0 	3.00812e+26 	
0.0103999 	3.85949e+30 	0 	0 	0 	3.04874e+26 	
0.0104049 	3.9057e+30 	0 	0 	0 	3.08941e+26 	
0.0104099 	3.95186e+30 	0 	0 	0 	3.13016e+26 	
0.0104149 	3.99798e+30 	0 	0 	0 	3.17096e+26 	
0.0104199 	4.04406e+30 	0 	0 	0 	3.21183e+26 	
0.0104249 	4.0901e+30 	0 	0 	0 	3.25277e+26 	
0.0104299 	4.13609e+30 	0 	0 	0 	3.29377e+26 	
0.0104349 	4.18204e+30 	0 	0 	0 	3.33483e+26 	
0.0104399 	4.22795e+30 	0 	0 	0 	3.37595e+26 	
0.0104449 	4.27381e+30 	0 	0 	0 	3.41714e+26 	
0.0104499 	4.31963e+30 	0 	0 	0 	3.4584e+26 	
0.0104549 	4.36541e+30 	0 	0 	0 	3.49971e+26 	
0.0104599 	4.41115e+30 	0 	0 	0 	3.5411e+26 	
0.0104649 	4.45685e+30 	0 	0 	0 	3.58254e+26 	
0.0104699 	4.5025e+30 	0 	0 	0 	3.62405e+26 	
0.0104749 	4.54812e+30 	0 	0 	0 	3.66563e+26 	
0.0104799 	4.59369e+30 	0 	0 	0 	3.70726e+26 	
0.0104849 	4.63922e+30 	0 	0 	0 	3.74897e+26 	
0.0104899 	4.68472e+30 	0 	0 	0 	3.79073e+26 	
0.0104949 	4.73017e+30 	0 	0 	0 	3.83257e+26 	
0.0104999 	4.77558e+30 	0 	0 	0 	3.87446e+26 	
0.0105049 	4.82095e+30 	0 	0 	0 	3.91642e+26 	
0.0105099 	4.86628e+30 	0 	0 	0 	3.95845e+26 	
0.0105149 	4.91157e+30 	0 	0 	0 	4.00053e+26 	
0.0105199 	4.95683e+30 	0 	0 	0 	4.04269e+26 	
0.0105249 	5.00204e+30 	0 	0 	0 	4.0849e+26 	
0.0105299 	5.04722e+30 	0 	0 	0 	4.12719e+26 	
0.0105349 	5.09235e+30 	0 	0 	0 	4.16953e+26 	
0.0105399 	5.13745e+30 	0 	0 	0 	4.21194e+26 	
0.0105449 	5.18251e+30 	0 	0 	0 	4.25442e+26 	
0.0105499 	5.22753e+30 	0 	0 	0 	4.29696e+26 	
0.0105549 	5.27251e+30 	0 	0 	0 	4.33956e+26 	
0.0105599 	5.31745e+30 	0 	0 	0 	4.38223e+26 	
0.0105649 	5.36236e+30 	0 	0 	0 	4.42497e+26 	
0.0105699 	5.40723e+30 	0 	0 	0 	4.46776e+26 	
0.0105749 	5.45206e+30 	0 	0 	0 	4.51063e+26 	
0.0105799 	5.49685e+30 	0 	0 	0 	4.55355e+26 	
0.0105849 	5.54161e+30 	0 	0 	0 	4.59655e+26 	
0.0105899 	5.58633e+30 	0 	0 	0 	4.63961e+26 	
0.0105949 	5.63102e+30 	0 	0 	0 	4.68273e+26 	
0.0105999 	5.67566e+30 	0 	0 	0 	4.72591e+26 	
0.0106049 	5.72027e+30 	0 	0 	0 	4.76917e+26 	
0.0106099 	5.76485e+30 	0 	0 	0 	4.81248e+26 	
0.0106149 	5.80939e+30 	0 	0 	0 	4.85587e+26 	
0.0106199 	5.85389e+30 	0 	0 	0 	4.89931e+26 	
0.0106249 	5.89836e+30 	0 	0 	0 	4.94282e+26 	
0.0106299 	5.94279e+30 	0 	0 	0 	4.9864e+26 	
0.0106349 	5.98719e+30 	0 	0 	0 	5.03004e+26 	
0.0106399 	6.03155e+30 	0 	0 	0 	5.07375e+26 	
0.0106449 	6.07587e+30 	0 	0 	0 	5.11752e+26 	
0.0106499 	6.12017e+30 	0 	0 	0 	5.16136e+26 	
0.0106549 	6.16442e+30 	0 	0 	0 	5.20526e+26 	
0.0106599 	6.20865e+30 	0 	0 	0 	5.24923e+26 	
0.0106649 	6.25284e+30 	0 	0 	0 	5.29326e+26 	
0.0106699 	6.29699e+30 	0 	0 	0 	5.33736e+26 	
0.0106749 	6.34111e+30 	0 	0 	0 	5.38153e+26 	
0.0106799 	6.3852e+30 	0 	0 	0 	5.42575e+26 	
0.0106849 	6.42925e+30 	0 	0 	0 	5.47005e+26 	
0.0106899 	6.47327e+30 	0 	0 	0 	5.51441e+26 	
0.0106949 	6.51726e+30 	0 	0 	0 	5.55883e+26 	
0.0106999 	6.56121e+30 	0 	0 	0 	5.60332e+26 	
0.0107049 	6.60513e+30 	0 	0 	0 	5.64788e+26 	
0.0107099 	6.64902e+30 	0 	0 	0 	5.6925e+26 	
0.0107149 	6.69287e+30 	0 	0 	0 	5.73719e+26 	
0.0107199 	6.7367e+30 	0 	0 	0 	5.78194e+26 	
0.0107249 	6.78049e+30 	0 	0 	0 	5.82676e+26 	
0.0107299 	6.82424e+30 	0 	0 	0 	5.87165e+26 	
0.0107349 	6.86797e+30 	0 	0 	0 	5.9166e+26 	
0.0107399 	6.91166e+30 	0 	0 	0 	5.96161e+26 	
0.0107449 	6.95533e+30 	0 	0 	0 	6.00669e+26 	
0.0107499 	6.99896e+30 	0 	0 	0 	6.05184e+26 	
0.0107549 	7.04256e+30 	0 	0 	0 	6.09705e+26 	
0.0107599 	7.08612e+30 	0 	0 	0 	6.14233e+26 	
0.0107649 	7.12966e+30 	0 	0 	0 	6.18768e+26 	
0.0107699 	7.17317e+30 	0 	0 	0 	6.23309e+26 	
0.0107749 	7.21664e+30 	0 	0 	0 	6.27856e+26 	
0.0107799 	7.26009e+30 	0 	0 	0 	6.32411e+26 	
0.0107849 	7.3035e+30 	0 	0 	0 	6.36972e+26 	
0.0107899 	7.34688e+30 	0 	0 	0 	6.41539e+26 	
0.0107949 	7.39024e+30 	0 	0 	0 	6.46113e+26 	
0.0107999 	7.43356e+30 	0 	0 	0 	6.50694e+26 	
0.0108049 	7.47685e+30 	0 	0 	0 	6.55281e+26 	
0.0108099 	7.52012e+30 	0 	0 	0 	6.59875e+26 	
0.0108149 	7.56335e+30 	0 	0 	0 	6.64476e+26 	
0.0108199 	7.60656e+30 	0 	0 	0 	6.69083e+26 	
0.0108249 	7.64973e+30 	0 	0 	0 	6.73697e+26 	
0.0108299 	7.69288e+30 	0 	0 	0 	6.78317e+26 	
0.0108349 	7.73599e+30 	0 	0 	0 	6.82945e+26 	
0.0108399 	7.77908e+30 	0 	0 	0 	6.87578e+26 	
0.0108449 	7.82214e+30 	0 	0 	0 	6.92219e+26 	
0.0108499 	7.86517e+30 	0 	0 	0 	6.96866e+26 	
0.0108549 	7.90817e+30 	0 	0 	0 	7.01519e+26 	
0.0108599 	7.95115e+30 	0 	0 	0 	7.0618e+26 	
0.0108649 	7.99409e+30 	0 	0 	0 	7.10847e+26 	
0.0108699 	8.03701e+30 	0 	0 	0 	7.15521e+26 	
0.0108749 	8.0799e+30 	0 	0 	0 	7.20201e+26 	
0.0108799 	8.12276e+30 	0 	0 	0 	7.24888e+26 	
0.0108849 	8.16559e+30 	0 	0 	0 	7.29582e+26 	
0.0108899 	8.2084e+30 	0 	0 	0 	7.34282e+26 	
0.0108949 	8.25118e+30 	0 	0 	0 	7.38989e+26 	
0.0108999 	8.29393e+30 	0 	0 	0 	7.43703e+26 	
0.0109049 	8.33665e+30 	0 	0 	0 	7.48423e+26 	
0.0109099 	8.37935e+30 	0 	0 	0 	7.53151e+26 	
0.0109149 	8.42202e+30 	0 	0 	0 	7.57884e+26 	
0.0109199 	8.46466e+30 	0 	0 	0 	7.62625e+26 	
0.0109249 	8.50728e+30 	0 	0 	0 	7.67372e+26 	
0.0109299 	8.54987e+30 	0 	0 	0 	7.72126e+26 	
0.0109349 	8.59243e+30 	0 	0 	0 	7.76887e+26 	
0.0109399 	8.63497e+30 	0 	0 	0 	7.81654e+26 	
0.0109449 	8.67748e+30 	0 	0 	0 	7.86428e+26 	
0.0109499 	8.71996e+30 	0 	0 	0 	7.91209e+26 	
0.0109549 	8.76242e+30 	0 	0 	0 	7.95997e+26 	
0.0109599 	8.80486e+30 	0 	0 	0 	8.00791e+26 	
0.0109649 	8.84727e+30 	0 	0 	0 	8.05592e+26 	
0.0109699 	8.88965e+30 	0 	0 	0 	8.104e+26 	
0.0109749 	8.932e+30 	0 	0 	0 	8.15214e+26 	
0.0109799 	8.97434e+30 	0 	0 	0 	8.20036e+26 	
0.0109849 	9.01664e+30 	0 	0 	0 	8.24864e+26 	
0.0109899 	9.05892e+30 	0 	0 	0 	8.29699e+26 	
0.0109949 	9.10118e+30 	0 	0 	0 	8.3454e+26 	
0.0109999 	9.14341e+30 	0 	0 	0 	8.39388e+26 	
0.0110049 	9.18562e+30 	0 	0 	0 	8.44243e+26 	
0.0110099 	9.2278e+30 	0 	0 	0 	8.49105e+26 	
0.0110149 	9.26996e+30 	0 	0 	0 	8.53974e+26 	
0.0110199 	9.31209e+30 	0 	0 	0 	8.58849e+26 	
0.0110249 	9.3542e+30 	0 	0 	0 	8.63732e+26 	
0.0110299 	9.39629e+30 	0 	0 	0 	8.6862e+26 	
0.0110349 	9.43835e+30 	0 	0 	0 	8.73516e+26 	
0.0110399 	9.48039e+30 	0 	0 	0 	8.78419e+26 	
0.0110449 	9.5224e+30 	0 	0 	0 	8.83328e+26 	
0.0110499 	9.56439e+30 	0 	0 	0 	8.88244e+26 	
0.0110549 	9.60636e+30 	0 	0 	0 	8.93167e+26 	
0.0110599 	9.6483e+30 	0 	0 	0 	8.98097e+26 	
0.0110649 	9.69022e+30 	0 	0 	0 	9.03034e+26 	
0.0110699 	9.73211e+30 	0 	0 	0 	9.07977e+26 	
0.0110749 	9.77399e+30 	0 	0 	0 	9.12927e+26 	
0.0110799 	9.81584e+30 	0 	0 	0 	9.17884e+26 	
0.0110849 	9.85767e+30 	0 	0 	0 	9.22848e+26 	
0.0110899 	9.89947e+30 	0 	0 	0 	9.27819e+26 	
0.0110949 	9.94125e+30 	0 	0 	0 	9.32797e+26 	
0.0110999 	9.98301e+30 	0 	0 	0 	9.37781e+26 	
0.0111049 	1.00248e+31 	0 	0 	0 	9.42772e+26 	
0.0111099 	1.00665e+31 	0 	0 	0 	9.47771e+26 	
0.0111149 	1.01082e+31 	0 	0 	0 	9.52776e+26 	
0.0111199 	1.01498e+31 	0 	0 	0 	9.57787e+26 	
0.0111249 	1.01915e+31 	0 	0 	0 	9.62806e+26 	
0.0111299 	1.02331e+31 	0 	0 	0 	9.67832e+26 	
0.0111349 	1.02747e+31 	0 	0 	0 	9.72864e+26 	
0.0111399 	1.03163e+31 	0 	0 	0 	9.77904e+26 	
0.0111449 	1.03579e+31 	0 	0 	0 	9.8295e+26 	
0.0111499 	1.03994e+31 	0 	0 	0 	9.88003e+26 	
0.0111549 	1.04409e+31 	0 	0 	0 	9.93063e+26 	
0.0111599 	1.04824e+31 	0 	0 	0 	9.9813e+26 	
0.0111649 	1.05239e+31 	0 	0 	0 	1.0032e+27 	
0.0111699 	1.05653e+31 	0 	0 	0 	1.00828e+27 	
0.0111749 	1.06068e+31 	0 	0 	0 	1.01337e+27 	
0.0111799 	1.06482e+31 	0 	0 	0 	1.01847e+27 	
0.0111849 	1.06896e+31 	0 	0 	0 	1.02357e+27 	
0.0111899 	1.0731e+31 	0 	0 	0 	1.02868e+27 	
0.0111949 	1.07723e+31 	0 	0 	0 	1.03379e+27 	
0.0111999 	1.08136e+31 	0 	0 	0 	1.03891e+27 	
0.0112049 	1.0855e+31 	0 	0 	0 	1.04404e+27 	
0.0112099 	1.08962e+31 	0 	0 	0 	1.04918e+27 	
0.0112149 	1.09375e+31 	0 	0 	0 	1.05432e+27 	
0.0112199 	1.09788e+31 	0 	0 	0 	1.05947e+27 	
0.0112249 	1.102e+31 	0 	0 	0 	1.06463e+27 	
0.0112299 	1.10612e+31 	0 	0 	0 	1.06979e+27 	
0.0112349 	1.11024e+31 	0 	0 	0 	1.07496e+27 	
0.0112399 	1.11436e+31 	0 	0 	0 	1.08014e+27 	
0.0112449 	1.11847e+31 	0 	0 	0 	1.08533e+27 	
0.0112499 	1.12259e+31 	0 	0 	0 	1.09052e+27 	
0.0112549 	1.1267e+31 	0 	0 	0 	1.09572e+27 	
0.0112599 	1.13081e+31 	0 	0 	0 	1.10092e+27 	
0.0112649 	1.13491e+31 	0 	0 	0 	1.10614e+27 	
0.0112699 	1.13902e+31 	0 	0 	0 	1.11136e+27 	
0.0112749 	1.14312e+31 	0 	0 	0 	1.11658e+27 	
0.0112799 	1.14722e+31 	0 	0 	0 	1.12182e+27 	
0.0112849 	1.15132e+31 	0 	0 	0 	1.12706e+27 	
0.0112899 	1.15542e+31 	0 	0 	0 	1.1323e+27 	
0.0112949 	1.15952e+31 	0 	0 	0 	1.13756e+27 	
0.0112999 	1.16361e+31 	0 	0 	0 	1.14282e+27 	
0.0113049 	1.1677e+31 	0 	0 	0 	1.14809e+27 	
0.0113099 	1.17179e+31 	0 	0 	0 	1.15337e+27 	
0.0113149 	1.17588e+31 	0 	0 	0 	1.15865e+27 	
0.0113199 	1.17997e+31 	0 	0 	0 	1.16394e+27 	
0.0113249 	1.18406e+31 	0 	0 	0 	1.16924e+27 	
0.0113299 	1.18814e+31 	0 	0 	0 	1.17454e+27 	
0.0113349 	1.19222e+31 	0 	0 	0 	1.17985e+27 	
0.0113399 	1.1963e+31 	0 	0 	0 	1.18517e+27 	
0.0113449 	1.20038e+31 	0 	0 	0 	1.19049e+27 	
0.0113499 	1.20445e+31 	0 	0 	0 	1.19583e+27 	
0.0113549 	1.20853e+31 	0 	0 	0 	1.20117e+27 	
0.0113599 	1.2126e+31 	0 	0 	0 	1.20651e+27 	
0.0113649 	1.21667e+31 	0 	0 	0 	1.21187e+27 	
0.0113699 	1.22074e+31 	0 	0 	0 	1.21723e+27 	
0.0113749 	1.22481e+31 	0 	0 	0 	1.2226e+27 	
0.0113799 	1.22887e+31 	0 	0 	0 	1.22797e+27 	
0.0113849 	1.23294e+31 	0 	0 	0 	1.23335e+27 	
0.0113899 	1.237e+31 	0 	0 	0 	1.23874e+27 	
0.0113949 	1.24106e+31 	0 	0 	0 	1.24414e+27 	
0.0113999 	1.24512e+31 	0 	0 	0 	1.24954e+27 	
0.0114049 	1.24918e+31 	0 	0 	0 	1.25495e+27 	
0.0114099 	1.25323e+31 	0 	0 	0 	1.26037e+27 	
0.0114149 	1.25729e+31 	0 	0 	0 	1.26579e+27 	
0.0114199 	1.26134e+31 	0 	0 	0 	1.27122e+27 	
0.0114249 	1.26539e+31 	0 	0 	0 	1.27666e+27 	
0.0114299 	1.26944e+31 	0 	0 	0 	1.28211e+27 	
0.0114349 	1.27349e+31 	0 	0 	0 	1.28756e+27 	
0.0114399 	1.27753e+31 	0 	0 	0 	1.29302e+27 	
0.0114449 	1.28158e+31 	0 	0 	0 	1.29849e+27 	
0.0114499 	1.28562e+31 	0 	0 	0 	1.30397e+27 	
0.0114549 	1.28966e+31 	0 	0 	0 	1.30945e+27 	
0.0114599 	1.2937e+31 	0 	0 	0 	1.31494e+27 	
0.0114649 	1.29774e+31 	0 	0 	0 	1.32043e+27 	
0.0114699 	1.30177e+31 	0 	0 	0 	1.32594e+27 	
0.0114749 	1.30581e+31 	0 	0 	0 	1.33145e+27 	
0.0114799 	1.30984e+31 	0 	0 	0 	1.33697e+27 	
0.0114849 	1.31387e+31 	0 	0 	0 	1.34249e+27 	
0.0114899 	1.3179e+31 	0 	0 	0 	1.34802e+27 	
0.0114949 	1.32193e+31 	0 	0 	0 	1.35356e+27 	
0.0114999 	1.32596e+31 	0 	0 	0 	1.35911e+27 	
0.0115049 	1.32998e+31 	0 	0 	0 	1.36466e+27 	
0.0115099 	1.334e+31 	0 	0 	0 	1.37022e+27 	
0.0115149 	1.33803e+31 	0 	0 	0 	1.37579e+27 	
0.0115199 	1.34205e+31 	0 	0 	0 	1.38137e+27 	
0.0115249 	1.34607e+31 	0 	0 	0 	1.38695e+27 	
0.0115299 	1.35008e+31 	0 	0 	0 	1.39254e+27 	
0.0115349 	1.3541e+31 	0 	0 	0 	1.39814e+27 	
0.0115399 	1.35812e+31 	0 	0 	0 	1.40374e+27 	
0.0115449 	1.36213e+31 	0 	0 	0 	1.40935e+27 	
0.0115499 	1.36614e+31 	0 	0 	0 	1.41497e+27 	
0.0115549 	1.37015e+31 	0 	0 	0 	1.4206e+27 	
0.0115599 	1.37416e+31 	0 	0 	0 	1.42623e+27 	
0.0115649 	1.37817e+31 	0 	0 	0 	1.43187e+27 	
0.0115699 	1.38217e+31 	0 	0 	0 	1.43752e+27 	
0.0115749 	1.38618e+31 	0 	0 	0 	1.44318e+27 	
0.0115799 	1.39018e+31 	0 	0 	0 	1.44884e+27 	
0.0115849 	1.39418e+31 	0 	0 	0 	1.45451e+27 	
0.0115899 	1.39818e+31 	0 	0 	0 	1.46019e+27 	
0.0115949 	1.40218e+31 	0 	0 	0 	1.46587e+27 	
