2.86001 	0 	
5.72002 	0 	
8.58004 	0 	
11.44 	0 	
14.3001 	0 	
17.1601 	0 	
20.0201 	0 	
22.8801 	0 	
25.7401 	0 	
28.6001 	0 	
31.4601 	0 	
34.3201 	0 	
37.1802 	0 	
40.0402 	0 	
42.9002 	0 	
45.7602 	0 	
48.6202 	0 	
51.4802 	0 	
54.3402 	0 	
57.2002 	0 	
60.0603 	0 	
62.9203 	0 	
65.7803 	0 	
68.6403 	0 	
71.5003 	0 	
74.3603 	0 	
77.2203 	0 	
80.0803 	0 	
82.9403 	0 	
85.8004 	0 	
88.6604 	0 	
91.5204 	0 	
94.3804 	0 	
97.2404 	0 	
100.1 	0 	
102.96 	0 	
105.82 	0 	
108.68 	0 	
111.54 	0 	
114.4 	0 	
117.26 	0 	
120.121 	0 	
122.981 	0 	
125.841 	0 	
128.701 	0 	
131.561 	0 	
134.421 	0 	
137.281 	0 	
140.141 	0 	
143.001 	0 	
145.861 	0 	
148.721 	0 	
151.581 	0 	
154.441 	0 	
157.301 	0 	
160.161 	0 	
163.021 	0 	
165.881 	0 	
168.741 	0 	
171.601 	0 	
174.461 	0 	
177.321 	0 	
180.181 	0 	
183.041 	0 	
185.901 	0 	
188.761 	0 	
191.621 	0 	
194.481 	0 	
197.341 	0 	
200.201 	0 	
203.061 	0 	
205.921 	0 	
208.781 	0 	
211.641 	0 	
214.501 	0 	
217.361 	0 	
220.221 	0 	
223.081 	0 	
225.941 	0 	
228.801 	0 	
231.661 	0 	
234.521 	0 	
237.381 	0 	
240.241 	0 	
243.101 	0 	
245.961 	0 	
248.821 	0 	
251.681 	0 	
254.541 	0 	
257.401 	0 	
260.261 	0 	
263.121 	0 	
265.981 	0 	
268.841 	0 	
271.701 	0 	
274.561 	0 	
277.421 	0 	
280.281 	0 	
283.141 	0 	
286.001 	0 	
288.861 	0 	
291.721 	0 	
294.581 	0 	
297.441 	0 	
300.301 	0 	
303.161 	0 	
306.021 	0 	
308.881 	0 	
311.741 	0 	
314.601 	0 	
317.461 	0 	
320.321 	0 	
323.181 	0 	
326.041 	0 	
328.901 	0 	
331.761 	0 	
334.621 	0 	
337.481 	0 	
340.341 	0 	
343.201 	0 	
346.061 	0 	
348.921 	0 	
351.781 	0 	
354.641 	0 	
357.502 	0 	
360.362 	0 	
363.222 	0 	
366.082 	0 	
368.942 	0 	
371.802 	0 	
374.662 	0 	
377.522 	0 	
380.382 	0 	
383.242 	0 	
386.102 	0 	
388.962 	0 	
391.822 	0 	
394.682 	0 	
397.542 	0 	
400.402 	0 	
403.262 	0 	
406.122 	0 	
408.982 	0 	
411.842 	0 	
414.702 	0 	
417.562 	0 	
420.422 	0 	
423.282 	0 	
426.142 	0 	
429.002 	0 	
431.862 	0 	
434.722 	0 	
437.582 	0 	
440.442 	0 	
443.302 	0 	
446.162 	0 	
449.022 	0 	
451.882 	0 	
454.742 	0 	
457.602 	0 	
460.462 	0 	
463.322 	0 	
466.182 	0 	
469.042 	0 	
471.902 	0 	
474.762 	0 	
477.622 	0 	
480.482 	0 	
483.342 	0 	
486.202 	0 	
489.062 	0 	
491.922 	0 	
494.782 	0 	
497.642 	0 	
500.502 	0 	
503.362 	0 	
506.222 	0 	
509.082 	0 	
511.942 	0 	
514.802 	0 	
517.662 	0 	
520.522 	0 	
523.382 	0 	
526.242 	0 	
529.102 	0 	
531.962 	0 	
534.822 	0 	
537.682 	0 	
540.542 	0 	
543.402 	0 	
546.262 	0 	
549.122 	0 	
551.982 	0 	
554.842 	0 	
557.702 	0 	
560.562 	0 	
563.422 	0 	
566.282 	0 	
569.142 	0 	
572.002 	0 	
2.86001 	0 	
5.72002 	0 	
8.58004 	0 	
11.44 	0 	
14.3001 	0 	
17.1601 	0 	
20.0201 	0 	
22.8801 	0 	
25.7401 	0 	
28.6001 	0 	
31.4601 	0 	
34.3201 	0 	
37.1802 	0 	
40.0402 	0 	
42.9002 	0 	
45.7602 	0 	
48.6202 	0 	
51.4802 	0 	
54.3402 	0 	
57.2002 	0 	
60.0603 	0 	
62.9203 	0 	
65.7803 	0 	
68.6403 	0 	
71.5003 	0 	
74.3603 	0 	
77.2203 	0 	
80.0803 	0 	
82.9403 	0 	
85.8004 	0 	
88.6604 	0 	
91.5204 	0 	
94.3804 	0 	
97.2404 	0 	
100.1 	0 	
102.96 	0 	
105.82 	0 	
108.68 	0 	
111.54 	0 	
114.4 	0 	
117.26 	0 	
120.121 	0 	
122.981 	0 	
125.841 	0 	
128.701 	0 	
131.561 	0 	
134.421 	0 	
137.281 	0 	
140.141 	0 	
143.001 	0 	
145.861 	0 	
148.721 	0 	
151.581 	0 	
154.441 	0 	
157.301 	0 	
160.161 	0 	
163.021 	0 	
165.881 	0 	
168.741 	0 	
171.601 	0 	
174.461 	0 	
177.321 	0 	
180.181 	0 	
183.041 	0 	
185.901 	0 	
188.761 	0 	
191.621 	0 	
194.481 	0 	
197.341 	0 	
200.201 	0 	
203.061 	0 	
205.921 	0 	
208.781 	0 	
211.641 	0 	
214.501 	0 	
217.361 	0 	
220.221 	0 	
223.081 	0 	
225.941 	0 	
228.801 	0 	
231.661 	0 	
234.521 	0 	
237.381 	0 	
240.241 	0 	
243.101 	0 	
245.961 	0 	
248.821 	0 	
251.681 	0 	
254.541 	0 	
257.401 	0 	
260.261 	0 	
263.121 	0 	
265.981 	0 	
268.841 	0 	
271.701 	0 	
274.561 	0 	
277.421 	0 	
280.281 	0 	
283.141 	0 	
286.001 	0 	
288.861 	0 	
291.721 	0 	
294.581 	0 	
297.441 	0 	
300.301 	0 	
303.161 	0 	
306.021 	0 	
308.881 	0 	
311.741 	0 	
314.601 	0 	
317.461 	0 	
320.321 	0 	
323.181 	0 	
326.041 	0 	
328.901 	0 	
331.761 	0 	
334.621 	0 	
337.481 	0 	
340.341 	0 	
343.201 	0 	
346.061 	0 	
348.921 	0 	
351.781 	0 	
354.641 	0 	
357.502 	0 	
360.362 	0 	
363.222 	0 	
366.082 	0 	
368.942 	0 	
371.802 	0 	
374.662 	0 	
377.522 	0 	
380.382 	0 	
383.242 	0 	
386.102 	0 	
388.962 	0 	
391.822 	0 	
394.682 	0 	
397.542 	0 	
400.402 	0 	
403.262 	0 	
406.122 	0 	
408.982 	0 	
411.842 	0 	
414.702 	0 	
417.562 	0 	
420.422 	0 	
423.282 	0 	
426.142 	0 	
429.002 	0 	
431.862 	0 	
434.722 	0 	
437.582 	0 	
440.442 	0 	
443.302 	0 	
446.162 	0 	
449.022 	0 	
451.882 	0 	
454.742 	0 	
457.602 	0 	
460.462 	0 	
463.322 	0 	
466.182 	0 	
469.042 	0 	
471.902 	0 	
474.762 	0 	
477.622 	0 	
480.482 	0 	
483.342 	0 	
486.202 	0 	
489.062 	0 	
491.922 	0 	
494.782 	0 	
497.642 	0 	
500.502 	0 	
503.362 	0 	
506.222 	0 	
509.082 	0 	
511.942 	0 	
514.802 	0 	
517.662 	0 	
520.522 	0 	
523.382 	0 	
526.242 	0 	
529.102 	0 	
531.962 	0 	
534.822 	0 	
537.682 	0 	
540.542 	0 	
543.402 	0 	
546.262 	0 	
549.122 	0 	
551.982 	0 	
554.842 	0 	
557.702 	0 	
560.562 	0 	
563.422 	0 	
566.282 	0 	
569.142 	0 	
572.002 	0 	
2.86001 	0 	
5.72002 	0 	
8.58004 	0 	
11.44 	0 	
14.3001 	0 	
17.1601 	0 	
20.0201 	0 	
22.8801 	0 	
25.7401 	0 	
28.6001 	0 	
31.4601 	0 	
34.3201 	0 	
37.1802 	0 	
40.0402 	0 	
42.9002 	0 	
45.7602 	0 	
48.6202 	0 	
51.4802 	0 	
54.3402 	0 	
57.2002 	0 	
60.0603 	0 	
62.9203 	0 	
65.7803 	0 	
68.6403 	0 	
71.5003 	0 	
74.3603 	0 	
77.2203 	0 	
80.0803 	0 	
82.9403 	0 	
85.8004 	0 	
88.6604 	0 	
91.5204 	0 	
94.3804 	0 	
97.2404 	0 	
100.1 	0 	
102.96 	0 	
105.82 	0 	
108.68 	0 	
111.54 	0 	
114.4 	0 	
117.26 	0 	
120.121 	0 	
122.981 	0 	
125.841 	0 	
128.701 	0 	
131.561 	0 	
134.421 	0 	
137.281 	0 	
140.141 	0 	
143.001 	0 	
145.861 	0 	
148.721 	0 	
151.581 	0 	
154.441 	0 	
157.301 	0 	
160.161 	0 	
163.021 	0 	
165.881 	0 	
168.741 	0 	
171.601 	0 	
174.461 	0 	
177.321 	0 	
180.181 	0 	
183.041 	0 	
185.901 	0 	
188.761 	0 	
191.621 	0 	
194.481 	0 	
197.341 	0 	
200.201 	0 	
203.061 	0 	
205.921 	0 	
208.781 	0 	
211.641 	0 	
214.501 	0 	
217.361 	0 	
220.221 	0 	
223.081 	0 	
225.941 	0 	
228.801 	0 	
231.661 	0 	
234.521 	0 	
237.381 	0 	
240.241 	0 	
243.101 	0 	
245.961 	0 	
248.821 	0 	
251.681 	0 	
254.541 	0 	
257.401 	0 	
260.261 	0 	
263.121 	0 	
265.981 	0 	
268.841 	0 	
271.701 	0 	
274.561 	0 	
277.421 	0 	
280.281 	0 	
283.141 	0 	
286.001 	0 	
288.861 	0 	
291.721 	0 	
294.581 	0 	
297.441 	0 	
300.301 	0 	
303.161 	0 	
306.021 	0 	
308.881 	0 	
311.741 	0 	
314.601 	0 	
317.461 	0 	
320.321 	0 	
323.181 	0 	
326.041 	0 	
328.901 	0 	
331.761 	0 	
334.621 	0 	
337.481 	0 	
340.341 	0 	
343.201 	0 	
346.061 	0 	
348.921 	0 	
351.781 	0 	
354.641 	0 	
357.502 	0 	
360.362 	0 	
363.222 	0 	
366.082 	0 	
368.942 	0 	
371.802 	0 	
374.662 	0 	
377.522 	0 	
380.382 	0 	
383.242 	0 	
386.102 	0 	
388.962 	0 	
391.822 	0 	
394.682 	0 	
397.542 	0 	
400.402 	0 	
403.262 	0 	
406.122 	0 	
408.982 	0 	
411.842 	0 	
414.702 	0 	
417.562 	0 	
420.422 	0 	
423.282 	0 	
426.142 	0 	
429.002 	0 	
431.862 	0 	
434.722 	0 	
437.582 	0 	
440.442 	0 	
443.302 	0 	
446.162 	0 	
449.022 	0 	
451.882 	0 	
454.742 	0 	
457.602 	0 	
460.462 	0 	
463.322 	0 	
466.182 	0 	
469.042 	0 	
471.902 	0 	
474.762 	0 	
477.622 	0 	
480.482 	0 	
483.342 	0 	
486.202 	0 	
489.062 	0 	
491.922 	0 	
494.782 	0 	
497.642 	0 	
500.502 	0 	
503.362 	0 	
506.222 	0 	
509.082 	0 	
511.942 	0 	
514.802 	0 	
517.662 	0 	
520.522 	0 	
523.382 	0 	
526.242 	0 	
529.102 	0 	
531.962 	0 	
534.822 	0 	
537.682 	0 	
540.542 	0 	
543.402 	0 	
546.262 	0 	
549.122 	0 	
551.982 	0 	
554.842 	0 	
557.702 	0 	
560.562 	0 	
563.422 	0 	
566.282 	0 	
569.142 	0 	
572.002 	0 	
2.86001 	0 	
5.72002 	0 	
8.58004 	0 	
11.44 	0 	
14.3001 	0 	
17.1601 	0 	
20.0201 	0 	
22.8801 	0 	
25.7401 	0 	
28.6001 	0 	
31.4601 	0 	
34.3201 	0 	
37.1802 	0 	
40.0402 	0 	
42.9002 	0 	
45.7602 	0 	
48.6202 	0 	
51.4802 	0 	
54.3402 	0 	
57.2002 	0 	
60.0603 	0 	
62.9203 	0 	
65.7803 	0 	
68.6403 	0 	
71.5003 	0 	
74.3603 	0 	
77.2203 	0 	
80.0803 	0 	
82.9403 	0 	
85.8004 	0 	
88.6604 	0 	
91.5204 	0 	
94.3804 	0 	
97.2404 	0 	
100.1 	0 	
102.96 	0 	
105.82 	0 	
108.68 	0 	
111.54 	0 	
114.4 	0 	
117.26 	0 	
120.121 	0 	
122.981 	0 	
125.841 	0 	
128.701 	0 	
131.561 	0 	
134.421 	0 	
137.281 	0 	
140.141 	0 	
143.001 	0 	
145.861 	0 	
148.721 	0 	
151.581 	0 	
154.441 	0 	
157.301 	0 	
160.161 	0 	
163.021 	0 	
165.881 	0 	
168.741 	0 	
171.601 	0 	
174.461 	0 	
177.321 	0 	
180.181 	0 	
183.041 	0 	
185.901 	0 	
188.761 	0 	
191.621 	0 	
194.481 	0 	
197.341 	0 	
200.201 	0 	
203.061 	0 	
205.921 	0 	
208.781 	0 	
211.641 	0 	
214.501 	0 	
217.361 	0 	
220.221 	0 	
223.081 	0 	
225.941 	0 	
228.801 	0 	
231.661 	0 	
234.521 	0 	
237.381 	0 	
240.241 	0 	
243.101 	0 	
245.961 	0 	
248.821 	0 	
251.681 	0 	
254.541 	0 	
257.401 	0 	
260.261 	0 	
263.121 	0 	
265.981 	0 	
268.841 	0 	
271.701 	0 	
274.561 	0 	
277.421 	0 	
280.281 	0 	
283.141 	0 	
286.001 	0 	
288.861 	0 	
291.721 	0 	
294.581 	0 	
297.441 	0 	
300.301 	0 	
303.161 	0 	
306.021 	0 	
308.881 	0 	
311.741 	0 	
314.601 	0 	
317.461 	0 	
320.321 	0 	
323.181 	0 	
326.041 	0 	
328.901 	0 	
331.761 	0 	
334.621 	0 	
337.481 	0 	
340.341 	0 	
343.201 	0 	
346.061 	0 	
348.921 	0 	
351.781 	0 	
354.641 	0 	
357.502 	0 	
360.362 	0 	
363.222 	0 	
366.082 	0 	
368.942 	0 	
371.802 	0 	
374.662 	0 	
377.522 	0 	
380.382 	0 	
383.242 	0 	
386.102 	0 	
388.962 	0 	
391.822 	0 	
394.682 	0 	
397.542 	0 	
400.402 	0 	
403.262 	0 	
406.122 	0 	
408.982 	0 	
411.842 	0 	
414.702 	0 	
417.562 	0 	
420.422 	0 	
423.282 	0 	
426.142 	0 	
429.002 	0 	
431.862 	0 	
434.722 	0 	
437.582 	0 	
440.442 	0 	
443.302 	0 	
446.162 	0 	
449.022 	0 	
451.882 	0 	
454.742 	0 	
457.602 	0 	
460.462 	0 	
463.322 	0 	
466.182 	0 	
469.042 	0 	
471.902 	0 	
474.762 	0 	
477.622 	0 	
480.482 	0 	
483.342 	0 	
486.202 	0 	
489.062 	0 	
491.922 	0 	
494.782 	0 	
497.642 	0 	
500.502 	0 	
503.362 	0 	
506.222 	0 	
509.082 	0 	
511.942 	0 	
514.802 	0 	
517.662 	0 	
520.522 	0 	
523.382 	0 	
526.242 	0 	
529.102 	0 	
531.962 	0 	
534.822 	0 	
537.682 	0 	
540.542 	0 	
543.402 	0 	
546.262 	0 	
549.122 	0 	
551.982 	0 	
554.842 	0 	
557.702 	0 	
560.562 	0 	
563.422 	0 	
566.282 	0 	
569.142 	0 	
572.002 	0 	
2.86001 	0 	
5.72002 	903.614 	
8.58003 	2358.49 	
11.44 	4523.9 	
14.3 	7424.48 	
17.1601 	11048.2 	
20.0201 	15386.4 	
22.8801 	20430.9 	
25.7401 	26173.2 	
28.6001 	32603.6 	
31.4601 	39711.8 	
34.3201 	47486.1 	
37.1801 	55914 	
40.0401 	64981.9 	
42.9001 	74675.1 	
45.7602 	84978.1 	
48.6202 	95874 	
51.4802 	107345 	
54.3402 	119373 	
57.2002 	131939 	
60.0602 	145021 	
62.9202 	158598 	
65.7802 	172650 	
68.6402 	187151 	
71.5002 	202079 	
74.3603 	217407 	
77.2203 	233111 	
80.0803 	249162 	
82.9403 	265535 	
85.8003 	282201 	
88.6603 	299130 	
91.5203 	316295 	
94.3803 	333665 	
97.2403 	351210 	
100.1 	368899 	
102.96 	386701 	
105.82 	404587 	
108.68 	422526 	
111.54 	440482 	
114.4 	458417 	
117.26 	476298 	
120.12 	494089 	
122.98 	511756 	
125.84 	529263 	
128.7 	546574 	
131.56 	563653 	
134.42 	580465 	
137.28 	596972 	
140.141 	613139 	
143.001 	628929 	
145.861 	644305 	
148.721 	659230 	
151.581 	673667 	
154.441 	687581 	
157.301 	700934 	
160.161 	713690 	
163.021 	725944 	
165.881 	738486 	
168.741 	751743 	
171.601 	767630 	
174.461 	789780 	
177.321 	823407 	
180.181 	875827 	
183.041 	953882 	
185.901 	1.06009e+06 	
188.761 	1.18495e+06 	
191.621 	1.26212e+06 	
194.481 	1.32698e+06 	
197.341 	1.39283e+06 	
200.201 	1.4608e+06 	
203.061 	1.52782e+06 	
205.921 	1.59131e+06 	
208.781 	1.64934e+06 	
211.641 	1.70114e+06 	
214.501 	1.74626e+06 	
217.361 	1.78524e+06 	
220.221 	1.81927e+06 	
223.081 	1.84902e+06 	
225.941 	1.87526e+06 	
228.801 	1.89884e+06 	
231.661 	1.92047e+06 	
234.521 	1.94071e+06 	
237.381 	1.95984e+06 	
240.241 	1.97783e+06 	
243.101 	1.99469e+06 	
245.961 	2.01072e+06 	
248.821 	2.02596e+06 	
251.681 	2.04042e+06 	
254.541 	2.05407e+06 	
257.401 	2.06689e+06 	
260.261 	2.07889e+06 	
263.121 	2.09003e+06 	
265.981 	2.10032e+06 	
268.841 	2.10973e+06 	
271.701 	2.11827e+06 	
274.561 	2.12591e+06 	
277.421 	2.13265e+06 	
280.281 	2.13849e+06 	
283.141 	2.1434e+06 	
286.001 	2.14739e+06 	
288.861 	2.15046e+06 	
291.721 	2.15258e+06 	
294.581 	2.15377e+06 	
297.441 	2.15401e+06 	
300.301 	2.1533e+06 	
303.161 	2.15164e+06 	
306.021 	2.14892e+06 	
308.881 	2.14513e+06 	
311.741 	2.14029e+06 	
314.601 	2.13441e+06 	
317.461 	2.12752e+06 	
320.321 	2.11962e+06 	
323.181 	2.11074e+06 	
326.041 	2.10089e+06 	
328.901 	2.09009e+06 	
331.761 	2.07837e+06 	
334.621 	2.06573e+06 	
337.481 	2.05221e+06 	
340.341 	2.03781e+06 	
343.201 	2.02257e+06 	
346.061 	2.00649e+06 	
348.921 	1.98961e+06 	
351.781 	1.97193e+06 	
354.641 	1.95343e+06 	
357.501 	1.93414e+06 	
360.361 	1.91406e+06 	
363.221 	1.89323e+06 	
366.081 	1.87165e+06 	
368.941 	1.84934e+06 	
371.801 	1.82634e+06 	
374.661 	1.80266e+06 	
377.521 	1.77832e+06 	
380.381 	1.75336e+06 	
383.241 	1.72779e+06 	
386.101 	1.70162e+06 	
388.961 	1.67489e+06 	
391.821 	1.6476e+06 	
394.681 	1.61976e+06 	
397.541 	1.59139e+06 	
400.401 	1.56252e+06 	
403.262 	1.53317e+06 	
406.122 	1.50338e+06 	
408.982 	1.47317e+06 	
411.842 	1.44257e+06 	
414.702 	1.41161e+06 	
417.562 	1.38032e+06 	
420.422 	1.34874e+06 	
423.282 	1.31688e+06 	
426.142 	1.2848e+06 	
429.002 	1.25251e+06 	
431.862 	1.22005e+06 	
434.722 	1.18745e+06 	
437.582 	1.15475e+06 	
440.442 	1.12198e+06 	
443.302 	1.08917e+06 	
446.162 	1.05635e+06 	
449.022 	1.02357e+06 	
451.882 	990848 	
454.742 	958225 	
457.602 	925731 	
460.462 	893401 	
463.322 	861267 	
466.182 	829362 	
469.042 	797719 	
471.902 	766368 	
474.762 	735343 	
477.622 	704672 	
480.482 	674386 	
483.342 	644514 	
486.202 	615084 	
489.062 	586123 	
491.922 	557659 	
494.782 	529714 	
497.642 	502314 	
500.502 	475480 	
503.362 	449232 	
506.222 	423591 	
509.082 	398490 	
511.942 	373948 	
514.802 	349952 	
517.662 	326432 	
520.522 	303183 	
523.382 	279980 	
526.242 	256431 	
529.102 	232012 	
531.962 	206113 	
534.822 	178159 	
537.682 	147925 	
540.542 	115958 	
543.402 	83966.5 	
546.262 	54739.3 	
549.122 	31245.2 	
551.982 	15197.7 	
554.842 	6152.87 	
557.702 	2036.99 	
560.562 	544.75 	
563.422 	116.266 	
566.282 	19.2172 	
569.142 	2.16266 	
572.002 	2.13382 	
2.85999 	0 	
5.71999 	939.74 	
8.57998 	2452.73 	
11.44 	4704.6 	
14.3 	7720.9 	
17.16 	11488.9 	
20.02 	15999.6 	
22.88 	21244.3 	
25.74 	27213.9 	
28.6 	33898.3 	
31.4599 	41286.4 	
34.3199 	49366.1 	
37.1799 	58124 	
40.0399 	67545.7 	
42.8999 	77615.8 	
45.7599 	88317.8 	
48.6199 	99634 	
51.4799 	111546 	
54.3399 	124034 	
57.1999 	137077 	
60.0599 	150654 	
62.9199 	164742 	
65.7799 	179318 	
68.6399 	194358 	
71.4999 	209835 	
74.3599 	225725 	
77.2199 	242000 	
80.0799 	258631 	
82.9399 	275592 	
85.7999 	292851 	
88.6599 	310380 	
91.5199 	328146 	
94.3799 	346121 	
97.2399 	364270 	
100.1 	382563 	
102.96 	400966 	
105.82 	419446 	
108.68 	437969 	
111.54 	456502 	
114.4 	475010 	
117.26 	493457 	
120.12 	511809 	
122.98 	530028 	
125.84 	548078 	
128.7 	565922 	
131.56 	583526 	
134.42 	600853 	
137.28 	617868 	
140.14 	634537 	
143 	650896 	
145.86 	667317 	
148.72 	683790 	
151.58 	700308 	
154.44 	716864 	
157.3 	733525 	
160.16 	751327 	
163.02 	771175 	
165.88 	793428 	
168.74 	819131 	
171.6 	848728 	
174.46 	881993 	
177.32 	917819 	
180.18 	953526 	
183.04 	984286 	
185.9 	1.00331e+06 	
188.76 	1.00246e+06 	
191.62 	995711 	
194.48 	1.00264e+06 	
197.34 	1.01482e+06 	
200.2 	1.03074e+06 	
203.06 	1.04953e+06 	
205.92 	1.07035e+06 	
208.78 	1.09272e+06 	
211.64 	1.116e+06 	
214.5 	1.1394e+06 	
217.36 	1.16284e+06 	
220.22 	1.18586e+06 	
223.08 	1.20795e+06 	
225.94 	1.22901e+06 	
228.8 	1.24902e+06 	
231.66 	1.26773e+06 	
234.52 	1.28533e+06 	
237.38 	1.30179e+06 	
240.24 	1.31709e+06 	
243.1 	1.33121e+06 	
245.96 	1.34415e+06 	
248.82 	1.35588e+06 	
251.68 	1.36641e+06 	
254.54 	1.37617e+06 	
257.4 	1.38525e+06 	
260.26 	1.39364e+06 	
263.12 	1.40134e+06 	
265.98 	1.40835e+06 	
268.84 	1.41467e+06 	
271.7 	1.42031e+06 	
274.56 	1.42525e+06 	
277.42 	1.42952e+06 	
280.28 	1.4331e+06 	
283.14 	1.436e+06 	
286 	1.43822e+06 	
288.86 	1.43977e+06 	
291.72 	1.44066e+06 	
294.58 	1.44088e+06 	
297.44 	1.44045e+06 	
300.3 	1.43937e+06 	
303.16 	1.43764e+06 	
306.02 	1.43528e+06 	
308.88 	1.43228e+06 	
311.74 	1.42867e+06 	
314.6 	1.42443e+06 	
317.46 	1.41957e+06 	
320.32 	1.4141e+06 	
323.18 	1.40802e+06 	
326.04 	1.40134e+06 	
328.9 	1.39406e+06 	
331.76 	1.38618e+06 	
334.62 	1.37772e+06 	
337.48 	1.36869e+06 	
340.34 	1.35908e+06 	
343.2 	1.34891e+06 	
346.06 	1.33819e+06 	
348.92 	1.32693e+06 	
351.781 	1.31514e+06 	
354.641 	1.3028e+06 	
357.501 	1.28994e+06 	
360.361 	1.27655e+06 	
363.221 	1.26265e+06 	
366.081 	1.24826e+06 	
368.941 	1.23338e+06 	
371.801 	1.21804e+06 	
374.661 	1.20225e+06 	
377.521 	1.18602e+06 	
380.381 	1.16937e+06 	
383.241 	1.15231e+06 	
386.101 	1.13487e+06 	
388.961 	1.11704e+06 	
391.821 	1.09884e+06 	
394.681 	1.08027e+06 	
397.541 	1.06135e+06 	
400.401 	1.0421e+06 	
403.261 	1.02252e+06 	
406.121 	1.00265e+06 	
408.981 	982505 	
411.841 	962096 	
414.701 	941449 	
417.561 	920582 	
420.421 	899516 	
423.281 	878273 	
426.141 	856873 	
429.001 	835338 	
431.861 	813689 	
434.721 	791950 	
437.581 	770140 	
440.441 	748283 	
443.301 	726402 	
446.161 	704517 	
449.021 	682653 	
451.881 	660830 	
454.741 	639073 	
457.601 	617401 	
460.461 	595839 	
463.321 	574408 	
466.181 	553119 	
469.041 	531870 	
471.901 	510701 	
474.761 	489648 	
477.621 	468752 	
480.481 	447936 	
483.341 	427166 	
486.201 	406323 	
489.061 	385448 	
491.921 	364353 	
494.781 	342985 	
497.641 	321121 	
500.501 	298673 	
503.361 	275518 	
506.221 	251518 	
509.081 	226684 	
511.941 	201075 	
514.801 	174947 	
517.661 	148695 	
520.521 	122924 	
523.381 	98348.8 	
526.241 	75776.1 	
529.101 	55915.1 	
531.961 	39310.7 	
534.821 	26204.7 	
537.681 	16488.1 	
540.541 	9755.31 	
543.401 	5410.52 	
546.261 	2806.47 	
549.121 	1359.1 	
551.981 	613.676 	
554.841 	257.914 	
557.701 	100.576 	
560.561 	36.1403 	
563.421 	11.7749 	
566.281 	3.33356 	
569.141 	0.708303 	
572.001 	0.698858 	
2.85993 	0 	
5.71987 	1241.05 	
8.5798 	3239.14 	
11.4397 	6213.03 	
14.2997 	10196.4 	
17.1596 	15172.7 	
20.0195 	21129.7 	
22.8795 	28056.1 	
25.7394 	35940 	
28.5993 	44767.9 	
31.4593 	54525.4 	
34.3192 	65196.2 	
37.1791 	76762.9 	
40.0391 	89206.5 	
42.899 	102507 	
45.759 	116641 	
48.6189 	131588 	
51.4788 	147321 	
54.3388 	163815 	
57.1987 	181043 	
60.0587 	198977 	
62.9186 	217585 	
65.7786 	236839 	
68.6385 	256705 	
71.4985 	277150 	
74.3584 	298140 	
77.2184 	319639 	
80.0783 	341610 	
82.9383 	364015 	
85.7982 	386816 	
88.6582 	409973 	
91.5182 	433446 	
94.3781 	457193 	
97.2381 	481172 	
100.098 	505340 	
102.958 	529655 	
105.818 	554072 	
108.678 	578547 	
111.538 	603035 	
114.398 	627490 	
117.258 	651866 	
120.118 	676116 	
122.978 	700191 	
125.838 	724043 	
128.698 	747623 	
131.558 	770886 	
134.418 	793784 	
137.278 	816270 	
140.138 	838299 	
142.998 	860461 	
145.858 	883273 	
148.718 	906775 	
151.578 	930983 	
154.438 	955918 	
157.298 	981603 	
160.158 	1.00806e+06 	
163.018 	1.03531e+06 	
165.878 	1.0634e+06 	
168.738 	1.09109e+06 	
171.598 	1.11705e+06 	
174.458 	1.13881e+06 	
177.318 	1.15286e+06 	
180.178 	1.15524e+06 	
183.038 	1.14145e+06 	
185.898 	1.10613e+06 	
188.758 	1.04673e+06 	
191.618 	1.00719e+06 	
194.478 	994246 	
197.338 	988905 	
200.198 	987893 	
203.058 	990264 	
205.918 	995504 	
208.778 	1.00313e+06 	
211.638 	1.01268e+06 	
214.498 	1.02369e+06 	
217.358 	1.0359e+06 	
220.218 	1.04912e+06 	
223.078 	1.06289e+06 	
225.938 	1.07685e+06 	
228.798 	1.09087e+06 	
231.658 	1.10496e+06 	
234.518 	1.11861e+06 	
237.378 	1.13182e+06 	
240.238 	1.14457e+06 	
243.098 	1.15686e+06 	
245.958 	1.1682e+06 	
248.818 	1.17854e+06 	
251.678 	1.18787e+06 	
254.538 	1.19636e+06 	
257.398 	1.20425e+06 	
260.258 	1.21154e+06 	
263.118 	1.21824e+06 	
265.978 	1.22433e+06 	
268.838 	1.22983e+06 	
271.698 	1.23473e+06 	
274.558 	1.23903e+06 	
277.418 	1.24274e+06 	
280.278 	1.24585e+06 	
283.138 	1.24837e+06 	
285.998 	1.25031e+06 	
288.858 	1.25166e+06 	
291.718 	1.25243e+06 	
294.578 	1.25262e+06 	
297.438 	1.25225e+06 	
300.298 	1.2513e+06 	
303.158 	1.2498e+06 	
306.018 	1.24775e+06 	
308.878 	1.24515e+06 	
311.738 	1.242e+06 	
314.598 	1.23832e+06 	
317.458 	1.2341e+06 	
320.318 	1.22934e+06 	
323.178 	1.22406e+06 	
326.038 	1.21825e+06 	
328.898 	1.21192e+06 	
331.758 	1.20507e+06 	
334.618 	1.19772e+06 	
337.478 	1.18986e+06 	
340.338 	1.18151e+06 	
343.198 	1.17267e+06 	
346.058 	1.16335e+06 	
348.918 	1.15356e+06 	
351.778 	1.14331e+06 	
354.638 	1.13259e+06 	
357.498 	1.1214e+06 	
360.358 	1.10977e+06 	
363.218 	1.09768e+06 	
366.078 	1.08517e+06 	
368.938 	1.07224e+06 	
371.798 	1.05891e+06 	
374.658 	1.04518e+06 	
377.518 	1.03107e+06 	
380.378 	1.01659e+06 	
383.238 	1.00177e+06 	
386.098 	986596 	
388.958 	971096 	
391.818 	955276 	
394.678 	939135 	
397.538 	922687 	
400.398 	905947 	
403.258 	888932 	
406.118 	871659 	
408.978 	854142 	
411.838 	836400 	
414.698 	818450 	
417.558 	800309 	
420.418 	781996 	
423.278 	763528 	
426.138 	744924 	
428.998 	726203 	
431.858 	707383 	
434.718 	688483 	
437.578 	669523 	
440.438 	650465 	
443.298 	631221 	
446.158 	611832 	
449.018 	592332 	
451.878 	572759 	
454.738 	553151 	
457.598 	533372 	
460.458 	513412 	
463.318 	493329 	
466.178 	472978 	
469.038 	452291 	
471.898 	431328 	
474.758 	409952 	
477.618 	388041 	
480.478 	365561 	
483.338 	342496 	
486.198 	318775 	
489.058 	294406 	
491.918 	269433 	
494.778 	243978 	
497.638 	218229 	
500.498 	192460 	
503.358 	166983 	
506.218 	142245 	
509.078 	118689 	
511.938 	96778.4 	
514.798 	76932.3 	
517.658 	59471.5 	
520.518 	44595.2 	
523.378 	32373.9 	
526.238 	22704.3 	
529.098 	15355.1 	
531.958 	10000 	
534.818 	6264.32 	
537.679 	3771.09 	
540.539 	2180.27 	
543.399 	1210.08 	
546.259 	644.454 	
549.119 	329.098 	
551.979 	160.973 	
554.839 	75.2517 	
557.699 	33.479 	
560.559 	14.0504 	
563.419 	5.46004 	
566.279 	1.8784 	
569.139 	0.492678 	
571.999 	0.486109 	
2.85969 	0 	
5.71938 	1658.68 	
8.57907 	4329.16 	
11.4388 	8303.83 	
14.2985 	13627.8 	
17.1581 	20278.7 	
20.0178 	28240.6 	
22.8775 	37498.2 	
25.7372 	48035.6 	
28.5969 	59835 	
31.4566 	72877 	
34.3164 	87140 	
37.1761 	102601 	
40.0358 	119234 	
42.8955 	137012 	
45.7552 	155907 	
48.6149 	175886 	
51.4747 	196919 	
54.3344 	218968 	
57.1941 	242000 	
60.0539 	265975 	
62.9136 	290854 	
65.7734 	316595 	
68.6331 	343156 	
71.4929 	370492 	
74.3526 	398526 	
77.2124 	427179 	
80.0722 	456401 	
82.932 	486145 	
85.7918 	516361 	
88.6516 	547005 	
91.5114 	578030 	
94.3712 	609390 	
97.231 	641044 	
100.091 	672942 	
102.951 	705029 	
105.81 	737250 	
108.67 	769551 	
111.53 	801876 	
114.39 	834169 	
117.25 	866375 	
120.11 	898441 	
122.97 	930355 	
125.829 	962187 	
128.689 	993923 	
131.549 	1.02554e+06 	
134.409 	1.05701e+06 	
137.269 	1.08833e+06 	
140.129 	1.11946e+06 	
142.989 	1.1504e+06 	
145.849 	1.18113e+06 	
148.709 	1.21242e+06 	
151.568 	1.24402e+06 	
154.428 	1.27538e+06 	
157.288 	1.3065e+06 	
160.148 	1.33675e+06 	
163.008 	1.36476e+06 	
165.868 	1.3886e+06 	
168.728 	1.4062e+06 	
171.588 	1.41525e+06 	
174.448 	1.412e+06 	
177.308 	1.39291e+06 	
180.168 	1.35466e+06 	
183.028 	1.29385e+06 	
185.888 	1.20972e+06 	
188.748 	1.1026e+06 	
191.608 	1.03757e+06 	
194.468 	1.01031e+06 	
197.328 	992805 	
200.188 	980058 	
203.048 	971187 	
205.908 	965901 	
208.768 	963617 	
211.628 	963803 	
214.488 	965963 	
217.348 	969797 	
220.208 	975100 	
223.068 	981422 	
225.928 	988750 	
228.788 	996634 	
231.648 	1.00507e+06 	
234.508 	1.01369e+06 	
237.368 	1.02241e+06 	
240.228 	1.03122e+06 	
243.088 	1.0399e+06 	
245.948 	1.04821e+06 	
248.808 	1.05612e+06 	
251.668 	1.06363e+06 	
254.528 	1.07075e+06 	
257.388 	1.07746e+06 	
260.248 	1.08377e+06 	
263.108 	1.08966e+06 	
265.968 	1.09511e+06 	
268.828 	1.10003e+06 	
271.688 	1.10441e+06 	
274.548 	1.10826e+06 	
277.408 	1.11158e+06 	
280.268 	1.11436e+06 	
283.128 	1.11662e+06 	
285.988 	1.11835e+06 	
288.848 	1.11956e+06 	
291.708 	1.12025e+06 	
294.568 	1.12043e+06 	
297.428 	1.12009e+06 	
300.288 	1.11925e+06 	
303.148 	1.11791e+06 	
306.008 	1.11607e+06 	
308.868 	1.11375e+06 	
311.728 	1.11094e+06 	
314.588 	1.10764e+06 	
317.448 	1.10387e+06 	
320.308 	1.09961e+06 	
323.168 	1.09489e+06 	
326.028 	1.08969e+06 	
328.888 	1.08403e+06 	
331.748 	1.07791e+06 	
334.608 	1.07133e+06 	
337.468 	1.06431e+06 	
340.328 	1.05684e+06 	
343.188 	1.04893e+06 	
346.048 	1.0406e+06 	
348.908 	1.03184e+06 	
351.768 	1.02267e+06 	
354.628 	1.01308e+06 	
357.488 	1.00308e+06 	
360.348 	992665 	
363.208 	981859 	
366.068 	970668 	
368.928 	959103 	
371.788 	947174 	
374.648 	934893 	
377.508 	922273 	
380.368 	909326 	
383.228 	896065 	
386.088 	882496 	
388.948 	868632 	
391.808 	854481 	
394.668 	840043 	
397.528 	825330 	
400.388 	810357 	
403.248 	795138 	
406.108 	779687 	
408.968 	764019 	
411.828 	748150 	
414.688 	732094 	
417.548 	715867 	
420.408 	699366 	
423.268 	682549 	
426.128 	665449 	
428.988 	648100 	
431.848 	630537 	
434.708 	612791 	
437.568 	594898 	
440.428 	576673 	
443.288 	558133 	
446.148 	539336 	
449.008 	520108 	
451.868 	500536 	
454.728 	480490 	
457.588 	459958 	
460.448 	438982 	
463.308 	417516 	
466.168 	395437 	
469.028 	372734 	
471.888 	349437 	
474.748 	325588 	
477.608 	301234 	
480.468 	276496 	
483.328 	251507 	
486.188 	226460 	
489.048 	201571 	
491.908 	177178 	
494.768 	153580 	
497.628 	131096 	
500.488 	110041 	
503.348 	90680.2 	
506.208 	73246.7 	
509.068 	57931.5 	
511.928 	44793.2 	
514.788 	33819.7 	
517.648 	24904.7 	
520.508 	17870.6 	
523.368 	12483.9 	
526.228 	8484.97 	
529.088 	5607.43 	
531.948 	3601.86 	
534.808 	2248.17 	
537.668 	1363.12 	
540.528 	802.896 	
543.389 	459.275 	
546.249 	255.044 	
549.109 	137.389 	
551.969 	71.6792 	
554.829 	36.1196 	
557.689 	17.4897 	
560.549 	8.05988 	
563.409 	3.46672 	
566.269 	1.32938 	
569.129 	0.390973 	
571.989 	0.385759 	
2.85879 	0 	
5.71758 	2238.56 	
8.57637 	5842.66 	
11.4352 	11207 	
14.294 	18392.4 	
17.1528 	27368.9 	
20.0116 	38114.9 	
22.8704 	50610.2 	
25.7292 	64833.1 	
28.5881 	80759.9 	
31.4469 	98364.5 	
34.3058 	117618 	
37.1646 	138489 	
40.0235 	160944 	
42.8824 	184946 	
45.7413 	210429 	
48.6002 	237322 	
51.4591 	265570 	
54.3181 	295120 	
57.1771 	325917 	
60.0361 	357906 	
62.8951 	391030 	
65.7541 	425232 	
68.6131 	460458 	
71.4722 	496651 	
74.3313 	533756 	
77.1904 	571720 	
80.0495 	610490 	
82.9087 	650015 	
85.7678 	690246 	
88.627 	731134 	
91.4863 	772611 	
94.3455 	814567 	
97.2048 	856928 	
100.064 	899621 	
102.923 	942571 	
105.783 	985705 	
108.642 	1.02895e+06 	
111.501 	1.07223e+06 	
114.361 	1.11546e+06 	
117.22 	1.15859e+06 	
120.08 	1.20153e+06 	
122.939 	1.24426e+06 	
125.799 	1.28694e+06 	
128.658 	1.32954e+06 	
131.518 	1.37204e+06 	
134.377 	1.41441e+06 	
137.237 	1.45663e+06 	
140.096 	1.49868e+06 	
142.956 	1.54053e+06 	
145.816 	1.58217e+06 	
148.675 	1.62255e+06 	
151.535 	1.66073e+06 	
154.395 	1.69664e+06 	
157.254 	1.72844e+06 	
160.114 	1.75531e+06 	
162.974 	1.77465e+06 	
165.833 	1.78393e+06 	
168.693 	1.78062e+06 	
171.553 	1.76029e+06 	
174.413 	1.72107e+06 	
177.273 	1.65999e+06 	
180.132 	1.57529e+06 	
182.992 	1.46512e+06 	
185.852 	1.33178e+06 	
188.712 	1.17893e+06 	
191.572 	1.09088e+06 	
194.432 	1.0507e+06 	
197.292 	1.02217e+06 	
200.152 	999395 	
203.012 	981460 	
205.872 	967578 	
208.732 	957060 	
211.592 	949400 	
214.452 	944350 	
217.312 	941384 	
220.172 	940424 	
223.032 	940990 	
225.892 	942650 	
228.752 	945351 	
231.612 	949073 	
234.472 	953373 	
237.332 	958242 	
240.192 	963491 	
243.052 	968861 	
245.912 	974347 	
248.772 	979943 	
251.632 	985642 	
254.492 	991049 	
257.352 	996110 	
260.212 	1.00082e+06 	
263.072 	1.00518e+06 	
265.932 	1.00919e+06 	
268.792 	1.01285e+06 	
271.652 	1.01614e+06 	
274.512 	1.01908e+06 	
277.372 	1.02166e+06 	
280.232 	1.02387e+06 	
283.092 	1.02572e+06 	
285.952 	1.02721e+06 	
288.812 	1.02832e+06 	
291.672 	1.02896e+06 	
294.532 	1.02913e+06 	
297.392 	1.02882e+06 	
300.252 	1.02805e+06 	
303.112 	1.02682e+06 	
305.972 	1.02514e+06 	
308.832 	1.023e+06 	
311.692 	1.02042e+06 	
314.552 	1.0174e+06 	
317.412 	1.01394e+06 	
320.272 	1.01003e+06 	
323.132 	1.00569e+06 	
325.992 	1.00092e+06 	
328.852 	995725 	
331.712 	990104 	
334.572 	984065 	
337.432 	977613 	
340.292 	970754 	
343.152 	963494 	
346.012 	955841 	
348.872 	947800 	
351.732 	939380 	
354.592 	930572 	
357.452 	921383 	
360.312 	911822 	
363.172 	901898 	
366.032 	891620 	
368.892 	880998 	
371.752 	870042 	
374.612 	858763 	
377.472 	847172 	
380.332 	835280 	
383.192 	823100 	
386.052 	810637 	
388.912 	797902 	
391.772 	784903 	
394.632 	771641 	
397.492 	758128 	
400.352 	744375 	
403.212 	730238 	
406.072 	715697 	
408.932 	700783 	
411.792 	685526 	
414.652 	669955 	
417.512 	654100 	
420.372 	637993 	
423.232 	621636 	
426.092 	604819 	
428.952 	587597 	
431.812 	570027 	
434.672 	551972 	
437.532 	533457 	
440.392 	514513 	
443.252 	495054 	
446.112 	474977 	
448.972 	454346 	
451.832 	433172 	
454.692 	411433 	
457.552 	389142 	
460.412 	366315 	
463.272 	342925 	
466.132 	319116 	
468.992 	294935 	
471.852 	270599 	
474.712 	246240 	
477.572 	222041 	
480.432 	198226 	
483.292 	175043 	
486.152 	152753 	
489.012 	131611 	
491.872 	111852 	
494.733 	93663.5 	
497.593 	77182.9 	
500.453 	62543.5 	
503.313 	49794 	
506.173 	38915.2 	
509.033 	29829.6 	
511.893 	22410.9 	
514.753 	16495.5 	
517.613 	11887.5 	
520.473 	8384.15 	
523.333 	5785.95 	
526.193 	3905.84 	
529.053 	2578.81 	
531.913 	1665.12 	
534.773 	1051.46 	
537.633 	649.299 	
540.493 	392.038 	
543.353 	231.349 	
546.213 	133.381 	
549.073 	75.0454 	
551.933 	41.127 	
554.793 	21.8864 	
557.653 	11.2487 	
560.513 	5.52818 	
563.373 	2.54587 	
566.233 	1.04869 	
569.093 	0.332241 	
571.953 	0.32781 	
2.85563 	0 	
5.71125 	2997.01 	
8.56688 	7822.27 	
11.4225 	15004.3 	
14.2782 	24625 	
17.1338 	36644.4 	
19.9895 	51034 	
22.8453 	67767 	
25.701 	86815.2 	
28.5568 	108147 	
31.4126 	131729 	
34.2684 	157521 	
37.1243 	185484 	
39.9803 	215573 	
42.8362 	247738 	
45.6923 	281860 	
48.5484 	317865 	
51.4045 	355680 	
54.2607 	395226 	
57.117 	436426 	
59.9733 	479202 	
62.8298 	523477 	
65.6863 	569172 	
68.5428 	616201 	
71.3995 	664480 	
74.2562 	713919 	
77.113 	764426 	
79.9699 	815911 	
82.8269 	868281 	
85.684 	921456 	
88.5411 	975369 	
91.3984 	1.02996e+06 	
94.2557 	1.08516e+06 	
97.1131 	1.14093e+06 	
99.9706 	1.19722e+06 	
102.828 	1.25398e+06 	
105.686 	1.31117e+06 	
108.543 	1.36877e+06 	
111.401 	1.42653e+06 	
114.259 	1.48425e+06 	
117.117 	1.54183e+06 	
119.975 	1.59918e+06 	
122.833 	1.65626e+06 	
125.691 	1.71326e+06 	
128.55 	1.77015e+06 	
131.408 	1.82688e+06 	
134.266 	1.88343e+06 	
137.125 	1.93975e+06 	
139.983 	1.99425e+06 	
142.842 	2.0462e+06 	
145.7 	2.09553e+06 	
148.559 	2.14189e+06 	
151.418 	2.18247e+06 	
154.277 	2.21717e+06 	
157.136 	2.24284e+06 	
159.995 	2.25694e+06 	
162.854 	2.25841e+06 	
165.713 	2.24196e+06 	
168.572 	2.20537e+06 	
171.432 	2.1458e+06 	
174.291 	2.06099e+06 	
177.151 	1.94896e+06 	
180.01 	1.80977e+06 	
182.87 	1.64578e+06 	
185.73 	1.46159e+06 	
188.59 	1.26391e+06 	
191.45 	1.153e+06 	
194.31 	1.10075e+06 	
197.17 	1.06253e+06 	
200.03 	1.0306e+06 	
202.89 	1.00426e+06 	
205.75 	982571 	
208.61 	964721 	
211.47 	950434 	
214.33 	939055 	
217.189 	930416 	
220.049 	923961 	
222.909 	919213 	
225.769 	916069 	
228.629 	914470 	
231.489 	913957 	
234.349 	914500 	
237.209 	915670 	
240.069 	917442 	
242.929 	919800 	
245.789 	922686 	
248.649 	925719 	
251.509 	928892 	
254.369 	932199 	
257.229 	935631 	
260.089 	939155 	
262.949 	942371 	
265.809 	945280 	
268.669 	947880 	
271.529 	950168 	
274.389 	952142 	
277.249 	953804 	
280.109 	955150 	
282.969 	956180 	
285.829 	956893 	
288.689 	957288 	
291.549 	957364 	
294.409 	957122 	
297.269 	956560 	
300.129 	955679 	
302.989 	954477 	
305.849 	952921 	
308.709 	950945 	
311.569 	948555 	
314.429 	945752 	
317.289 	942539 	
320.149 	938918 	
323.009 	934892 	
325.869 	930465 	
328.729 	925640 	
331.589 	920421 	
334.449 	914814 	
337.309 	908822 	
340.169 	902452 	
343.029 	895709 	
345.889 	888600 	
348.749 	881131 	
351.609 	873309 	
354.469 	865126 	
357.329 	856589 	
360.189 	847705 	
363.049 	838483 	
365.909 	828933 	
368.769 	819062 	
371.629 	808881 	
374.489 	798399 	
377.349 	787627 	
380.209 	776575 	
383.069 	765255 	
385.929 	753649 	
388.789 	741566 	
391.649 	729032 	
394.509 	716073 	
397.369 	702715 	
400.229 	688985 	
403.089 	674911 	
405.949 	660520 	
408.809 	645839 	
411.669 	630715 	
414.529 	615092 	
417.39 	599024 	
420.25 	582563 	
423.11 	565509 	
425.97 	547940 	
428.83 	529922 	
431.69 	511318 	
434.55 	492169 	
437.41 	472434 	
440.27 	452043 	
443.13 	431056 	
445.99 	409543 	
448.85 	387510 	
451.71 	364998 	
454.57 	342083 	
457.43 	318832 	
460.29 	295297 	
463.15 	271665 	
466.01 	248110 	
468.87 	224778 	
471.73 	201902 	
474.59 	179656 	
477.45 	158280 	
480.31 	137952 	
483.17 	118837 	
486.03 	101131 	
488.89 	84940.4 	
491.75 	70374.9 	
494.61 	57486.3 	
497.47 	46253.3 	
500.33 	36633.4 	
503.19 	28551.5 	
506.05 	21887.5 	
508.91 	16497.8 	
511.77 	12220.2 	
514.63 	8892.75 	
517.49 	6357.58 	
520.35 	4464.33 	
523.21 	3079.01 	
526.07 	2085.03 	
528.93 	1386.79 	
531.79 	905.82 	
534.65 	581.005 	
537.51 	365.913 	
540.37 	226.251 	
543.23 	137.291 	
546.09 	81.6832 	
548.95 	47.5962 	
551.81 	27.1098 	
554.67 	15.0419 	
557.53 	8.08297 	
560.39 	4.16319 	
563.25 	2.01395 	
566.11 	0.873183 	
568.97 	0.291641 	
571.83 	0.287751 	
2.84511 	0 	
5.69017 	3946.66 	
8.53525 	10301.2 	
11.3804 	19760.2 	
14.2255 	32432.5 	
17.0708 	48266.8 	
19.9161 	67226.9 	
22.7615 	89279.4 	
25.607 	114389 	
28.4525 	142517 	
31.2982 	173620 	
34.1441 	207650 	
36.99 	244558 	
39.8361 	284285 	
42.6824 	326768 	
45.5288 	371867 	
48.3754 	419486 	
51.2222 	469534 	
54.0693 	521912 	
56.9165 	576523 	
59.764 	633269 	
62.6118 	692049 	
65.4598 	752763 	
68.3081 	815304 	
71.1567 	879559 	
74.0055 	945415 	
76.8546 	1.01275e+06 	
79.7041 	1.08145e+06 	
82.5537 	1.15139e+06 	
85.4037 	1.22245e+06 	
88.254 	1.2945e+06 	
91.1046 	1.36741e+06 	
93.9554 	1.44105e+06 	
96.8065 	1.51529e+06 	
99.658 	1.59e+06 	
102.51 	1.66508e+06 	
105.362 	1.74043e+06 	
108.214 	1.81597e+06 	
111.066 	1.89155e+06 	
113.919 	1.96702e+06 	
116.772 	2.04232e+06 	
119.626 	2.11745e+06 	
122.479 	2.19239e+06 	
125.333 	2.26713e+06 	
128.187 	2.34168e+06 	
131.042 	2.41606e+06 	
133.896 	2.48915e+06 	
136.751 	2.55862e+06 	
139.606 	2.62441e+06 	
142.461 	2.68645e+06 	
145.317 	2.74174e+06 	
148.172 	2.78942e+06 	
151.028 	2.82781e+06 	
153.885 	2.85472e+06 	
156.741 	2.86635e+06 	
159.598 	2.8591e+06 	
162.456 	2.82983e+06 	
165.313 	2.77601e+06 	
168.171 	2.69543e+06 	
171.03 	2.58429e+06 	
173.888 	2.44277e+06 	
176.747 	2.27133e+06 	
179.607 	2.07194e+06 	
182.466 	1.8492e+06 	
185.326 	1.61014e+06 	
188.186 	1.36367e+06 	
191.046 	1.22901e+06 	
193.906 	1.16447e+06 	
196.766 	1.11652e+06 	
199.626 	1.07581e+06 	
202.485 	1.04155e+06 	
205.345 	1.01263e+06 	
208.205 	988143 	
211.065 	967694 	
213.925 	950543 	
216.785 	936454 	
219.645 	924815 	
222.505 	915482 	
225.365 	907944 	
228.225 	902093 	
231.085 	897854 	
233.945 	894761 	
236.805 	892772 	
239.665 	891713 	
242.525 	891291 	
245.385 	891486 	
248.245 	892279 	
251.105 	893395 	
253.965 	894681 	
256.825 	896129 	
259.685 	897730 	
262.545 	899477 	
265.405 	901362 	
268.265 	903121 	
271.125 	904602 	
273.985 	905805 	
276.845 	906729 	
279.705 	907372 	
282.565 	907733 	
285.425 	907813 	
288.285 	907610 	
291.145 	907123 	
294.005 	906352 	
296.865 	905298 	
299.725 	903958 	
302.585 	902333 	
305.445 	900423 	
308.305 	898228 	
311.165 	895749 	
314.025 	892985 	
316.885 	889938 	
319.745 	886542 	
322.605 	882764 	
325.465 	878606 	
328.325 	874072 	
331.185 	869165 	
334.045 	863891 	
336.905 	858252 	
339.765 	852256 	
342.625 	845908 	
345.485 	839212 	
348.345 	832176 	
351.205 	824806 	
354.065 	817094 	
356.925 	809047 	
359.785 	800672 	
362.645 	791977 	
365.505 	782971 	
368.365 	773662 	
371.225 	764058 	
374.085 	754000 	
376.945 	743447 	
379.805 	732420 	
382.665 	720944 	
385.525 	709042 	
388.385 	696738 	
391.245 	684058 	
394.105 	671026 	
396.965 	657667 	
399.825 	643804 	
402.685 	629395 	
405.545 	614489 	
408.405 	599135 	
411.265 	583272 	
414.125 	566815 	
416.985 	549837 	
419.845 	532227 	
422.705 	514030 	
425.565 	495286 	
428.425 	475948 	
431.285 	455938 	
434.145 	435402 	
437.005 	414314 	
439.865 	392672 	
442.725 	370520 	
445.585 	348052 	
448.445 	325338 	
451.305 	302476 	
454.165 	279561 	
457.025 	256673 	
459.885 	233998 	
462.745 	211728 	
465.605 	190058 	
468.465 	169148 	
471.325 	149142 	
474.185 	130222 	
477.045 	112543 	
479.905 	96227.2 	
482.765 	81337.8 	
485.625 	67920.9 	
488.485 	56002.3 	
491.345 	45586.8 	
494.205 	36617.8 	
497.065 	29008.2 	
499.925 	22660.2 	
502.785 	17448.7 	
505.645 	13238.5 	
508.506 	9894.69 	
511.366 	7285.42 	
514.226 	5284.21 	
517.086 	3774.45 	
519.946 	2655.41 	
522.806 	1840.02 	
525.666 	1255.44 	
528.526 	843.664 	
531.386 	558.409 	
534.246 	363.965 	
537.106 	233.591 	
539.966 	147.576 	
542.826 	91.7189 	
545.686 	56.0343 	
548.546 	33.5996 	
551.406 	19.7318 	
554.266 	11.3071 	
557.126 	6.28496 	
559.986 	3.35241 	
562.846 	1.6814 	
565.706 	0.756344 	
568.566 	0.262274 	
571.426 	0.258773 	
2.81244 	0 	
5.62466 	4971.46 	
8.43694 	12979 	
11.2493 	24899.8 	
14.0619 	40873.2 	
16.8746 	60837.6 	
19.6876 	84751.1 	
22.5008 	112575 	
25.3143 	144265 	
28.1281 	179765 	
30.9423 	219008 	
33.7569 	261929 	
36.5719 	308457 	
39.3874 	358523 	
42.2033 	412050 	
45.0198 	468978 	
47.8369 	529234 	
50.6545 	592745 	
53.4729 	659437 	
56.2919 	729129 	
59.1116 	801695 	
61.9322 	877021 	
64.7535 	954993 	
67.5756 	1.03549e+06 	
70.3986 	1.11837e+06 	
73.2224 	1.20352e+06 	
76.0471 	1.29078e+06 	
78.8726 	1.38003e+06 	
81.6991 	1.4711e+06 	
84.5264 	1.56385e+06 	
87.3546 	1.65811e+06 	
90.1838 	1.75375e+06 	
93.0139 	1.85059e+06 	
95.8448 	1.94845e+06 	
98.6767 	2.04719e+06 	
101.51 	2.14666e+06 	
104.343 	2.24672e+06 	
107.178 	2.34725e+06 	
110.013 	2.44805e+06 	
112.85 	2.54847e+06 	
115.687 	2.6478e+06 	
118.525 	2.74592e+06 	
121.364 	2.84276e+06 	
124.204 	2.93826e+06 	
127.045 	3.03237e+06 	
129.886 	3.1251e+06 	
132.729 	3.21455e+06 	
135.572 	3.29855e+06 	
138.416 	3.37698e+06 	
141.261 	3.44685e+06 	
144.107 	3.50656e+06 	
146.954 	3.55345e+06 	
149.802 	3.58555e+06 	
152.651 	3.59828e+06 	
155.501 	3.58725e+06 	
158.352 	3.55139e+06 	
161.205 	3.48459e+06 	
164.059 	3.38467e+06 	
166.914 	3.25025e+06 	
169.77 	3.07804e+06 	
172.627 	2.87086e+06 	
175.485 	2.63037e+06 	
178.343 	2.36106e+06 	
181.202 	2.07324e+06 	
184.062 	1.77603e+06 	
186.921 	1.47976e+06 	
189.781 	1.3207e+06 	
192.641 	1.24338e+06 	
195.501 	1.18552e+06 	
198.361 	1.13609e+06 	
201.221 	1.09389e+06 	
204.081 	1.05789e+06 	
206.941 	1.02698e+06 	
209.801 	1.00069e+06 	
212.661 	978175 	
215.521 	959131 	
218.38 	942870 	
221.24 	929202 	
224.1 	917960 	
226.96 	908592 	
229.82 	900999 	
232.68 	894692 	
235.54 	889607 	
238.4 	885690 	
241.26 	882754 	
244.12 	880506 	
246.98 	878919 	
249.84 	877969 	
252.7 	877635 	
255.56 	877502 	
258.42 	877559 	
261.28 	877797 	
264.14 	878205 	
267 	878776 	
269.86 	879500 	
272.72 	880115 	
275.58 	880474 	
278.44 	880577 	
281.3 	880420 	
284.16 	880006 	
287.02 	879332 	
289.88 	878399 	
292.74 	877205 	
295.6 	875751 	
298.46 	874035 	
301.32 	872058 	
304.18 	869819 	
307.04 	867319 	
309.9 	864558 	
312.76 	861536 	
315.62 	858253 	
318.48 	854710 	
321.34 	850907 	
324.2 	846846 	
327.06 	842527 	
329.92 	837860 	
332.78 	832837 	
335.64 	827463 	
338.5 	821742 	
341.36 	815678 	
344.22 	809278 	
347.08 	802546 	
349.94 	795487 	
352.8 	788100 	
355.66 	780386 	
358.52 	772338 	
361.38 	763752 	
364.24 	754642 	
367.1 	745029 	
369.96 	734934 	
372.82 	724378 	
375.68 	713384 	
378.54 	701974 	
381.4 	690172 	
384.26 	678000 	
387.12 	665406 	
389.98 	652200 	
392.84 	638430 	
395.7 	624141 	
398.56 	609382 	
401.42 	593994 	
404.28 	577984 	
407.14 	561425 	
410 	544208 	
412.86 	526366 	
415.72 	507981 	
418.58 	488949 	
421.44 	469385 	
424.3 	449221 	
427.16 	428462 	
430.02 	407232 	
432.88 	385531 	
435.74 	363396 	
438.6 	341038 	
441.46 	318519 	
444.32 	295928 	
447.18 	273379 	
450.04 	251003 	
452.9 	228948 	
455.76 	207371 	
458.62 	186430 	
461.48 	166281 	
464.34 	147075 	
467.2 	128943 	
470.06 	112000 	
472.92 	96338 	
475.78 	82020.8 	
478.64 	69099.5 	
481.5 	57588.9 	
484.36 	47456.1 	
487.22 	38651.4 	
490.08 	31107.3 	
492.94 	24736.5 	
495.8 	19424.8 	
498.661 	15060.7 	
501.521 	11527.8 	
504.381 	8709.21 	
507.241 	6494 	
510.101 	4779.72 	
512.961 	3471.74 	
515.821 	2489.01 	
518.681 	1760.86 	
521.541 	1229.36 	
524.401 	847.083 	
527.261 	576.025 	
530.121 	386.447 	
532.981 	255.743 	
535.841 	166.902 	
538.701 	107.379 	
541.561 	68.0661 	
544.421 	42.4649 	
547.281 	26.0322 	
550.141 	15.6424 	
553.001 	9.17782 	
555.861 	5.22533 	
558.721 	2.85517 	
561.581 	1.46619 	
564.441 	0.674934 	
567.301 	0.239168 	
570.161 	0.235968 	
2.7218 	0 	
5.443 	5612.53 	
8.16432 	14651.9 	
10.8859 	28112.8 	
13.6079 	46157.4 	
16.3304 	68722.8 	
19.0535 	95769.7 	
21.7773 	127265 	
24.5018 	163178 	
27.2272 	203473 	
29.9536 	248113 	
32.6811 	297057 	
35.4098 	350256 	
38.1398 	407659 	
40.8712 	469208 	
43.6041 	534855 	
46.3385 	604542 	
49.0745 	678205 	
51.8123 	755783 	
54.5519 	837210 	
57.2933 	922417 	
60.0367 	1.01133e+06 	
62.782 	1.10388e+06 	
65.5294 	1.19997e+06 	
68.2788 	1.29944e+06 	
71.0304 	1.40217e+06 	
73.7842 	1.50805e+06 	
76.5403 	1.61693e+06 	
79.2986 	1.7287e+06 	
82.0593 	1.84319e+06 	
84.8224 	1.96028e+06 	
87.5878 	2.07978e+06 	
90.3557 	2.20154e+06 	
93.1261 	2.3254e+06 	
95.8989 	2.45117e+06 	
98.6742 	2.57868e+06 	
101.452 	2.70777e+06 	
104.232 	2.83821e+06 	
107.015 	2.96892e+06 	
109.8 	3.09903e+06 	
112.589 	3.2284e+06 	
115.379 	3.35675e+06 	
118.173 	3.4838e+06 	
120.969 	3.6093e+06 	
123.768 	3.73302e+06 	
126.569 	3.85258e+06 	
129.374 	3.96598e+06 	
132.181 	4.07313e+06 	
134.991 	4.17133e+06 	
137.805 	4.25797e+06 	
140.622 	4.33025e+06 	
143.442 	4.38517e+06 	
146.266 	4.417e+06 	
149.094 	4.42155e+06 	
151.926 	4.39742e+06 	
154.762 	4.33942e+06 	
157.602 	4.24326e+06 	
160.445 	4.10311e+06 	
163.292 	3.91512e+06 	
166.143 	3.68106e+06 	
168.996 	3.40435e+06 	
171.851 	3.0894e+06 	
174.708 	2.7446e+06 	
177.566 	2.38293e+06 	
180.425 	2.01626e+06 	
183.285 	1.65764e+06 	
186.145 	1.46707e+06 	
189.004 	1.37411e+06 	
191.864 	1.30405e+06 	
194.724 	1.24415e+06 	
197.584 	1.19261e+06 	
200.444 	1.14848e+06 	
203.304 	1.11043e+06 	
206.164 	1.07786e+06 	
209.023 	1.04976e+06 	
211.883 	1.02574e+06 	
214.743 	1.005e+06 	
217.603 	987295 	
220.463 	972257 	
223.323 	959411 	
226.183 	948622 	
229.043 	939541 	
231.903 	931876 	
234.763 	925554 	
237.623 	920516 	
240.483 	916279 	
243.343 	912809 	
246.203 	910074 	
249.063 	908046 	
251.923 	906665 	
254.783 	905521 	
257.643 	904602 	
260.503 	903897 	
263.363 	903393 	
266.223 	903082 	
269.083 	902952 	
271.943 	902993 	
274.803 	902819 	
277.663 	902388 	
280.523 	901697 	
283.383 	900747 	
286.243 	899537 	
289.103 	898066 	
291.963 	896335 	
294.823 	894343 	
297.683 	892091 	
300.543 	889577 	
303.403 	886801 	
306.263 	883765 	
309.123 	880468 	
311.983 	876912 	
314.843 	873095 	
317.703 	869019 	
320.563 	864685 	
323.423 	860094 	
326.283 	855247 	
329.143 	850144 	
332.003 	844786 	
334.863 	839115 	
337.723 	833094 	
340.583 	826718 	
343.443 	819970 	
346.303 	812706 	
349.163 	804851 	
352.023 	796422 	
354.883 	787442 	
357.743 	777930 	
360.603 	767909 	
363.463 	757399 	
366.323 	746424 	
369.183 	735007 	
372.043 	723171 	
374.903 	710824 	
377.763 	697791 	
380.623 	684121 	
383.483 	669860 	
386.343 	655060 	
389.203 	639634 	
392.063 	623488 	
394.923 	606700 	
397.783 	589337 	
400.643 	571223 	
403.503 	552463 	
406.363 	533034 	
409.223 	512943 	
412.083 	492313 	
414.943 	471068 	
417.803 	449304 	
420.663 	427049 	
423.523 	404297 	
426.383 	381255 	
429.243 	357955 	
432.103 	334461 	
434.963 	310989 	
437.823 	287647 	
440.683 	264544 	
443.543 	241804 	
446.403 	219602 	
449.263 	198128 	
452.123 	177498 	
454.983 	157826 	
457.843 	139220 	
460.703 	121775 	
463.563 	105615 	
466.423 	90784.8 	
469.283 	77305.2 	
472.143 	65205.1 	
475.003 	54453.9 	
477.863 	45015.4 	
480.723 	36822.7 	
483.583 	29802.9 	
486.443 	23864.6 	
489.303 	18897.4 	
492.163 	14795.4 	
495.023 	11451.7 	
497.883 	8761.77 	
500.743 	6628.06 	
503.603 	4956.53 	
506.463 	3663.37 	
509.323 	2676.38 	
512.183 	1932.53 	
515.043 	1378.95 	
517.903 	972.353 	
520.763 	677.423 	
523.623 	466.239 	
526.483 	316.971 	
529.343 	212.75 	
532.203 	140.942 	
535.063 	92.0745 	
537.923 	59.2657 	
540.783 	37.5337 	
543.643 	23.3395 	
546.503 	14.2082 	
549.363 	8.43159 	
552.223 	4.84478 	
555.083 	2.66515 	
557.943 	1.37353 	
560.803 	0.632007 	
563.663 	0.222837 	
566.523 	0.219835 	
2.655 	0 	
5.31 	6710.91 	
7.965 	17517.5 	
10.62 	33594.5 	
13.275 	55117.2 	
15.93 	81985.8 	
18.585 	114123 	
21.24 	151453 	
23.895 	193893 	
26.55 	241353 	
29.205 	293732 	
31.86 	350923 	
34.515 	412808 	
37.17 	479264 	
39.825 	550160 	
42.48 	625360 	
45.135 	704727 	
47.79 	788127 	
50.445 	875434 	
53.1 	966520 	
55.755 	1.06124e+06 	
58.41 	1.15941e+06 	
61.065 	1.26087e+06 	
63.72 	1.36544e+06 	
66.375 	1.4729e+06 	
69.03 	1.58304e+06 	
71.685 	1.69564e+06 	
74.34 	1.81053e+06 	
76.995 	1.92748e+06 	
79.65 	2.0463e+06 	
82.305 	2.16676e+06 	
84.96 	2.28834e+06 	
87.615 	2.41053e+06 	
90.27 	2.53305e+06 	
92.925 	2.65561e+06 	
95.58 	2.77804e+06 	
98.235 	2.90025e+06 	
100.89 	3.02218e+06 	
103.545 	3.14379e+06 	
106.2 	3.26425e+06 	
108.859 	3.40887e+06 	
111.525 	3.56246e+06 	
114.197 	3.71591e+06 	
116.875 	3.86911e+06 	
119.56 	4.02199e+06 	
122.251 	4.17301e+06 	
124.951 	4.31973e+06 	
127.658 	4.46211e+06 	
130.374 	4.59697e+06 	
133.098 	4.72222e+06 	
135.833 	4.83487e+06 	
138.577 	4.93109e+06 	
141.333 	5.0042e+06 	
144.1 	5.05176e+06 	
146.879 	5.06489e+06 	
149.67 	5.03399e+06 	
152.473 	4.95559e+06 	
155.287 	4.82194e+06 	
158.112 	4.62252e+06 	
160.946 	4.35561e+06 	
163.789 	4.02567e+06 	
166.637 	3.64379e+06 	
169.49 	3.22112e+06 	
172.346 	2.77409e+06 	
175.204 	2.32315e+06 	
178.062 	1.88854e+06 	
180.922 	1.65816e+06 	
183.781 	1.54582e+06 	
186.641 	1.4612e+06 	
189.501 	1.38895e+06 	
192.36 	1.32686e+06 	
195.22 	1.2737e+06 	
198.08 	1.2279e+06 	
200.94 	1.18833e+06 	
203.8 	1.15414e+06 	
206.66 	1.12484e+06 	
209.52 	1.09947e+06 	
212.38 	1.07769e+06 	
215.239 	1.05873e+06 	
218.099 	1.04238e+06 	
220.959 	1.02847e+06 	
223.819 	1.01665e+06 	
226.679 	1.00651e+06 	
229.539 	997957 	
232.399 	990909 	
235.259 	984855 	
238.119 	979711 	
240.979 	975436 	
243.839 	971994 	
246.699 	969349 	
249.559 	967206 	
252.419 	965342 	
255.279 	963742 	
258.139 	962393 	
260.999 	961282 	
263.859 	960396 	
266.719 	959723 	
269.579 	959251 	
272.439 	958709 	
275.299 	957890 	
278.159 	956794 	
281.019 	955422 	
283.879 	953772 	
286.739 	951845 	
289.599 	949641 	
292.459 	947160 	
295.319 	944401 	
298.179 	941366 	
301.039 	938053 	
303.899 	934465 	
306.759 	930601 	
309.619 	926462 	
312.479 	922049 	
315.339 	917363 	
318.198 	912404 	
321.058 	907175 	
323.918 	901677 	
326.778 	895910 	
329.638 	889876 	
332.498 	883487 	
335.358 	876420 	
338.218 	868695 	
341.078 	860334 	
343.938 	851357 	
346.798 	841787 	
349.658 	831646 	
352.518 	820958 	
355.378 	809747 	
358.238 	798038 	
361.098 	785856 	
363.958 	772907 	
366.818 	759194 	
369.679 	744767 	
372.539 	729680 	
375.399 	713986 	
378.259 	697542 	
381.119 	680290 	
383.979 	662314 	
386.839 	643692 	
389.699 	624220 	
392.559 	604015 	
395.419 	583184 	
398.279 	561586 	
401.139 	539368 	
403.999 	516447 	
406.859 	492980 	
409.719 	469007 	
412.579 	444630 	
415.439 	419846 	
418.299 	394875 	
421.159 	369751 	
424.019 	344627 	
426.879 	319651 	
429.739 	294912 	
432.599 	270622 	
435.459 	246905 	
438.319 	223867 	
441.179 	201670 	
444.039 	180464 	
446.899 	160336 	
449.759 	141411 	
452.619 	123771 	
455.479 	107456 	
458.339 	92535 	
461.199 	79001.2 	
464.059 	66865.1 	
466.919 	56079.2 	
469.779 	46601.6 	
472.639 	38368.2 	
475.499 	31281.8 	
478.359 	25253.5 	
481.219 	20184.6 	
484.079 	15971.6 	
486.939 	12509.9 	
489.799 	9698.12 	
492.659 	7440.36 	
495.519 	5648.17 	
498.379 	4241.85 	
501.239 	3151.06 	
504.099 	2314.84 	
506.959 	1681.39 	
509.819 	1207.7 	
512.679 	857.569 	
515.539 	601.781 	
518.399 	417.148 	
521.259 	285.501 	
524.119 	192.812 	
526.979 	128.396 	
529.839 	84.2287 	
532.699 	54.3689 	
535.559 	34.4786 	
538.419 	21.4425 	
541.279 	13.0415 	
544.139 	7.72398 	
546.999 	4.42683 	
549.859 	2.42839 	
552.719 	1.24856 	
555.579 	0.574098 	
558.439 	0.202818 	
561.299 	0.200058 	
