4.96976 	0 	0 	0 	0 	0 	0 	0 	0 	0 	0 	0 	
9.93952 	0 	0 	0 	0 	0 	0 	0 	0 	0 	0 	0 	
14.9093 	0 	0 	0 	0 	0 	0 	0 	0 	0 	0 	0 	
19.879 	0 	0 	0 	0 	0 	0 	0 	0 	0 	0 	0 	
24.8488 	0 	0 	0 	0 	0 	0 	0 	0 	0 	0 	0 	
29.8186 	0 	0 	0 	0 	0 	0 	0 	0 	0 	0 	0 	
34.7883 	0 	0 	0 	0 	0 	0 	0 	0 	0 	0 	0 	
39.7581 	0 	0 	0 	0 	0 	0 	0 	0 	0 	0 	0 	
44.7278 	0 	0 	0 	0 	0 	0 	0 	0 	0 	0 	0 	
49.6976 	0 	0 	0 	0 	0 	0 	0 	0 	0 	0 	0 	
54.6673 	0 	0 	0 	0 	0 	0 	0 	0 	0 	0 	0 	
59.6371 	0 	0 	0 	0 	0 	0 	0 	0 	0 	0 	0 	
64.6069 	0 	0 	0 	0 	0 	0 	0 	0 	0 	0 	0 	
69.5766 	0 	0 	0 	0 	0 	0 	0 	0 	0 	0 	0 	
74.5464 	0 	0 	0 	0 	0 	0 	0 	0 	0 	0 	0 	
79.5161 	0 	0 	0 	0 	0 	0 	0 	0 	0 	0 	0 	
84.4859 	0 	0 	0 	0 	0 	0 	0 	0 	0 	0 	0 	
89.4557 	0 	0 	0 	0 	0 	0 	0 	0 	0 	0 	0 	
94.4254 	0 	0 	0 	0 	0 	0 	0 	0 	0 	0 	0 	
99.3952 	0 	0 	0 	0 	0 	0 	0 	0 	0 	0 	0 	
104.365 	0 	0 	0 	0 	0 	0 	0 	0 	0 	0 	0 	
109.335 	0 	0 	0 	0 	0 	0 	0 	0 	0 	0 	0 	
114.304 	0 	0 	0 	0 	0 	0 	0 	0 	0 	0 	0 	
119.274 	0 	0 	0 	0 	0 	0 	0 	0 	0 	0 	0 	
124.244 	0 	0 	0 	0 	0 	0 	0 	0 	0 	0 	0 	
129.214 	0 	0 	0 	0 	0 	0 	0 	0 	0 	0 	0 	
134.183 	0 	0 	0 	0 	0 	0 	0 	0 	0 	0 	0 	
139.153 	0 	0 	0 	0 	0 	0 	0 	0 	0 	0 	0 	
144.123 	0 	0 	0 	0 	0 	0 	0 	0 	0 	0 	0 	
149.093 	0 	0 	0 	0 	0 	0 	0 	0 	0 	0 	0 	
154.063 	0 	0 	0 	0 	0 	0 	0 	0 	0 	0 	0 	
159.032 	0 	0 	0 	0 	0 	0 	0 	0 	0 	0 	0 	
164.002 	0 	0 	0 	0 	0 	0 	0 	0 	0 	0 	0 	
168.972 	0 	0 	0 	0 	0 	0 	0 	0 	0 	0 	0 	
173.942 	0 	0 	0 	0 	0 	0 	0 	0 	0 	0 	0 	
178.911 	0 	0 	0 	0 	0 	0 	0 	0 	0 	0 	0 	
183.881 	0 	0 	0 	0 	0 	0 	0 	0 	0 	0 	0 	
188.851 	0 	0 	0 	0 	0 	0 	0 	0 	0 	0 	0 	
193.821 	0 	0 	0 	0 	0 	0 	0 	0 	0 	0 	0 	
198.79 	0 	0 	0 	0 	0 	0 	0 	0 	0 	0 	0 	
203.76 	0 	0 	0 	0 	0 	0 	0 	0 	0 	0 	0 	
208.73 	0 	0 	0 	0 	0 	0 	0 	0 	0 	0 	0 	
213.7 	0 	0 	0 	0 	0 	0 	0 	0 	0 	0 	0 	
218.669 	0 	0 	0 	0 	0 	0 	0 	0 	0 	0 	0 	
223.639 	0 	0 	0 	0 	0 	0 	0 	0 	0 	0 	0 	
228.609 	0 	0 	0 	0 	0 	0 	0 	0 	0 	0 	0 	
233.579 	0 	0 	0 	0 	0 	0 	0 	0 	0 	0 	0 	
238.548 	0 	0 	0 	0 	0 	0 	0 	0 	0 	0 	0 	
243.518 	0 	0 	0 	0 	0 	0 	0 	0 	0 	0 	0 	
248.488 	0 	0 	0 	0 	0 	0 	0 	0 	0 	0 	0 	
253.458 	0 	0 	0 	0 	0 	0 	0 	0 	0 	0 	0 	
258.427 	0 	0 	0 	0 	0 	0 	0 	0 	0 	0 	0 	
263.397 	0 	0 	0 	0 	0 	0 	0 	0 	0 	0 	0 	
268.367 	0 	0 	0 	0 	0 	0 	0 	0 	0 	0 	0 	
273.337 	0 	0 	0 	0 	0 	0 	0 	0 	0 	0 	0 	
278.306 	0 	0 	0 	0 	0 	0 	0 	0 	0 	0 	0 	
283.276 	0 	0 	0 	0 	0 	0 	0 	0 	0 	0 	0 	
288.246 	0 	0 	0 	0 	0 	0 	0 	0 	0 	0 	0 	
293.216 	0 	0 	0 	0 	0 	0 	0 	0 	0 	0 	0 	
298.186 	0 	0 	0 	0 	0 	0 	0 	0 	0 	0 	0 	
303.155 	0 	0 	0 	0 	0 	0 	0 	0 	0 	0 	0 	
308.125 	0 	0 	0 	0 	0 	0 	0 	0 	0 	0 	0 	
313.095 	0 	0 	0 	0 	0 	0 	0 	0 	0 	0 	0 	
318.065 	0 	0 	0 	0 	0 	0 	0 	0 	0 	0 	0 	
323.034 	0 	0 	0 	0 	0 	0 	0 	0 	0 	0 	0 	
328.004 	0 	0 	0 	0 	0 	0 	0 	0 	0 	0 	0 	
332.974 	0 	0 	0 	0 	0 	0 	0 	0 	0 	0 	0 	
337.944 	0 	0 	0 	0 	0 	0 	0 	0 	0 	0 	0 	
342.913 	0 	0 	0 	0 	0 	0 	0 	0 	0 	0 	0 	
347.883 	0 	0 	0 	0 	0 	0 	0 	0 	0 	0 	0 	
352.853 	0 	0 	0 	0 	0 	0 	0 	0 	0 	0 	0 	
357.823 	0 	0 	0 	0 	0 	0 	0 	0 	0 	0 	0 	
362.792 	0 	0 	0 	0 	0 	0 	0 	0 	0 	0 	0 	
367.762 	0 	0 	0 	0 	0 	0 	0 	0 	0 	0 	0 	
372.732 	0 	0 	0 	0 	0 	0 	0 	0 	0 	0 	0 	
377.702 	0 	0 	0 	0 	0 	0 	0 	0 	0 	0 	0 	
382.671 	0 	0 	0 	0 	0 	0 	0 	0 	0 	0 	0 	
387.641 	0 	0 	0 	0 	0 	0 	0 	0 	0 	0 	0 	
392.611 	0 	0 	0 	0 	0 	0 	0 	0 	0 	0 	0 	
397.581 	0 	0 	0 	0 	0 	0 	0 	0 	0 	0 	0 	
402.55 	0 	0 	0 	0 	0 	0 	0 	0 	0 	0 	0 	
407.52 	0 	0 	0 	0 	0 	0 	0 	0 	0 	0 	0 	
412.49 	0 	0 	0 	0 	0 	0 	0 	0 	0 	0 	0 	
417.46 	0 	0 	0 	0 	0 	0 	0 	0 	0 	0 	0 	
422.429 	0 	0 	0 	0 	0 	0 	0 	0 	0 	0 	0 	
427.399 	0 	0 	0 	0 	0 	0 	0 	0 	0 	0 	0 	
432.369 	0 	0 	0 	0 	0 	0 	0 	0 	0 	0 	0 	
437.339 	0 	0 	0 	0 	0 	0 	0 	0 	0 	0 	0 	
442.309 	0 	0 	0 	0 	0 	0 	0 	0 	0 	0 	0 	
447.278 	0 	0 	0 	0 	0 	0 	0 	0 	0 	0 	0 	
452.248 	0 	0 	0 	0 	0 	0 	0 	0 	0 	0 	0 	
457.218 	0 	0 	0 	0 	0 	0 	0 	0 	0 	0 	0 	
462.188 	0 	0 	0 	0 	0 	0 	0 	0 	0 	0 	0 	
467.157 	0 	0 	0 	0 	0 	0 	0 	0 	0 	0 	0 	
472.127 	0 	0 	0 	0 	0 	0 	0 	0 	0 	0 	0 	
477.097 	0 	0 	0 	0 	0 	0 	0 	0 	0 	0 	0 	
482.067 	0 	0 	0 	0 	0 	0 	0 	0 	0 	0 	0 	
487.036 	0 	0 	0 	0 	0 	0 	0 	0 	0 	0 	0 	
492.006 	0 	0 	0 	0 	0 	0 	0 	0 	0 	0 	0 	
496.976 	0 	0 	0 	0 	0 	0 	0 	0 	0 	0 	0 	
501.946 	0 	0 	0 	0 	0 	0 	0 	0 	0 	0 	0 	
506.915 	0 	0 	0 	0 	0 	0 	0 	0 	0 	0 	0 	
511.885 	0 	0 	0 	0 	0 	0 	0 	0 	0 	0 	0 	
516.855 	0 	0 	0 	0 	0 	0 	0 	0 	0 	0 	0 	
521.825 	0 	0 	0 	0 	0 	0 	0 	0 	0 	0 	0 	
526.794 	0 	0 	0 	0 	0 	0 	0 	0 	0 	0 	0 	
531.764 	0 	0 	0 	0 	0 	0 	0 	0 	0 	0 	0 	
536.734 	0 	0 	0 	0 	0 	0 	0 	0 	0 	0 	0 	
541.704 	0 	0 	0 	0 	0 	0 	0 	0 	0 	0 	0 	
546.673 	0 	0 	0 	0 	0 	0 	0 	0 	0 	0 	0 	
551.643 	0 	0 	0 	0 	0 	0 	0 	0 	0 	0 	0 	
556.613 	0 	0 	0 	0 	0 	0 	0 	0 	0 	0 	0 	
561.583 	0 	0 	0 	0 	0 	0 	0 	0 	0 	0 	0 	
566.552 	0 	0 	0 	0 	0 	0 	0 	0 	0 	0 	0 	
571.522 	0 	0 	0 	0 	0 	0 	0 	0 	0 	0 	0 	
576.492 	0 	0 	0 	0 	0 	0 	0 	0 	0 	0 	0 	
581.462 	0 	0 	0 	0 	0 	0 	0 	0 	0 	0 	0 	
586.432 	0 	0 	0 	0 	0 	0 	0 	0 	0 	0 	0 	
591.401 	0 	0 	0 	0 	0 	0 	0 	0 	0 	0 	0 	
596.371 	0 	0 	0 	0 	0 	0 	0 	0 	0 	0 	0 	
601.341 	0 	0 	0 	0 	0 	0 	0 	0 	0 	0 	0 	
606.311 	0 	0 	0 	0 	0 	0 	0 	0 	0 	0 	0 	
611.28 	0 	0 	0 	0 	0 	0 	0 	0 	0 	0 	0 	
616.25 	0 	0 	0 	0 	0 	0 	0 	0 	0 	0 	0 	
621.22 	0 	0 	0 	0 	0 	0 	0 	0 	0 	0 	0 	
626.19 	0 	0 	0 	0 	0 	0 	0 	0 	0 	0 	0 	
631.159 	0 	0 	0 	0 	0 	0 	0 	0 	0 	0 	0 	
636.129 	0 	0 	0 	0 	0 	0 	0 	0 	0 	0 	0 	
641.099 	0 	0 	0 	0 	0 	0 	0 	0 	0 	0 	0 	
646.069 	0 	0 	0 	0 	0 	0 	0 	0 	0 	0 	0 	
651.038 	0 	0 	0 	0 	0 	0 	0 	0 	0 	0 	0 	
656.008 	0 	0 	0 	0 	0 	0 	0 	0 	0 	0 	0 	
660.978 	0 	0 	0 	0 	0 	0 	0 	0 	0 	0 	0 	
665.948 	0 	0 	0 	0 	0 	0 	0 	0 	0 	0 	0 	
670.917 	0 	0 	0 	0 	0 	0 	0 	0 	0 	0 	0 	
675.887 	0 	0 	0 	0 	0 	0 	0 	0 	0 	0 	0 	
680.857 	0 	0 	0 	0 	0 	0 	0 	0 	0 	0 	0 	
685.827 	0 	0 	0 	0 	0 	0 	0 	0 	0 	0 	0 	
690.796 	0 	0 	0 	0 	0 	0 	0 	0 	0 	0 	0 	
695.766 	0 	0 	0 	0 	0 	0 	0 	0 	0 	0 	0 	
700.736 	0 	0 	0 	0 	0 	0 	0 	0 	0 	0 	0 	
705.706 	0 	0 	0 	0 	0 	0 	0 	0 	0 	0 	0 	
710.675 	0 	0 	0 	0 	0 	0 	0 	0 	0 	0 	0 	
715.645 	0 	0 	0 	0 	0 	0 	0 	0 	0 	0 	0 	
720.615 	0 	0 	0 	0 	0 	0 	0 	0 	0 	0 	0 	
725.585 	0 	0 	0 	0 	0 	0 	0 	0 	0 	0 	0 	
730.555 	0 	0 	0 	0 	0 	0 	0 	0 	0 	0 	0 	
735.524 	0 	0 	0 	0 	0 	0 	0 	0 	0 	0 	0 	
740.494 	0 	0 	0 	0 	0 	0 	0 	0 	0 	0 	0 	
745.464 	0 	0 	0 	0 	0 	0 	0 	0 	0 	0 	0 	
750.434 	0 	0 	0 	0 	0 	0 	0 	0 	0 	0 	0 	
755.403 	0 	0 	0 	0 	0 	0 	0 	0 	0 	0 	0 	
760.373 	0 	0 	0 	0 	0 	0 	0 	0 	0 	0 	0 	
765.343 	0 	0 	0 	0 	0 	0 	0 	0 	0 	0 	0 	
770.313 	0 	0 	0 	0 	0 	0 	0 	0 	0 	0 	0 	
775.282 	0 	0 	0 	0 	0 	0 	0 	0 	0 	0 	0 	
780.252 	0 	0 	0 	0 	0 	0 	0 	0 	0 	0 	0 	
785.222 	0 	0 	0 	0 	0 	0 	0 	0 	0 	0 	0 	
790.192 	0 	0 	0 	0 	0 	0 	0 	0 	0 	0 	0 	
795.161 	0 	0 	0 	0 	0 	0 	0 	0 	0 	0 	0 	
800.131 	0 	0 	0 	0 	0 	0 	0 	0 	0 	0 	0 	
805.101 	0 	0 	0 	0 	0 	0 	0 	0 	0 	0 	0 	
810.071 	0 	0 	0 	0 	0 	0 	0 	0 	0 	0 	0 	
815.04 	0 	0 	0 	0 	0 	0 	0 	0 	0 	0 	0 	
820.01 	0 	0 	0 	0 	0 	0 	0 	0 	0 	0 	0 	
824.98 	0 	0 	0 	0 	0 	0 	0 	0 	0 	0 	0 	
829.95 	0 	0 	0 	0 	0 	0 	0 	0 	0 	0 	0 	
834.919 	0 	0 	0 	0 	0 	0 	0 	0 	0 	0 	0 	
839.889 	0 	0 	0 	0 	0 	0 	0 	0 	0 	0 	0 	
844.859 	0 	0 	0 	0 	0 	0 	0 	0 	0 	0 	0 	
849.829 	0 	0 	0 	0 	0 	0 	0 	0 	0 	0 	0 	
854.798 	0 	0 	0 	0 	0 	0 	0 	0 	0 	0 	0 	
859.768 	0 	0 	0 	0 	0 	0 	0 	0 	0 	0 	0 	
864.738 	0 	0 	0 	0 	0 	0 	0 	0 	0 	0 	0 	
869.708 	0 	0 	0 	0 	0 	0 	0 	0 	0 	0 	0 	
874.678 	0 	0 	0 	0 	0 	0 	0 	0 	0 	0 	0 	
879.647 	0 	0 	0 	0 	0 	0 	0 	0 	0 	0 	0 	
884.617 	0 	0 	0 	0 	0 	0 	0 	0 	0 	0 	0 	
889.587 	0 	0 	0 	0 	0 	0 	0 	0 	0 	0 	0 	
894.557 	0 	0 	0 	0 	0 	0 	0 	0 	0 	0 	0 	
899.526 	0 	0 	0 	0 	0 	0 	0 	0 	0 	0 	0 	
904.496 	0 	0 	0 	0 	0 	0 	0 	0 	0 	0 	0 	
909.466 	0 	0 	0 	0 	0 	0 	0 	0 	0 	0 	0 	
914.436 	0 	0 	0 	0 	0 	0 	0 	0 	0 	0 	0 	
919.405 	0 	0 	0 	0 	0 	0 	0 	0 	0 	0 	0 	
924.375 	0 	0 	0 	0 	0 	0 	0 	0 	0 	0 	0 	
929.345 	0 	0 	0 	0 	0 	0 	0 	0 	0 	0 	0 	
934.315 	0 	0 	0 	0 	0 	0 	0 	0 	0 	0 	0 	
939.284 	0 	0 	0 	0 	0 	0 	0 	0 	0 	0 	0 	
944.254 	0 	0 	0 	0 	0 	0 	0 	0 	0 	0 	0 	
949.224 	0 	0 	0 	0 	0 	0 	0 	0 	0 	0 	0 	
954.194 	0 	0 	0 	0 	0 	0 	0 	0 	0 	0 	0 	
959.163 	0 	0 	0 	0 	0 	0 	0 	0 	0 	0 	0 	
964.133 	0 	0 	0 	0 	0 	0 	0 	0 	0 	0 	0 	
969.103 	0 	0 	0 	0 	0 	0 	0 	0 	0 	0 	0 	
974.073 	0 	0 	0 	0 	0 	0 	0 	0 	0 	0 	0 	
979.042 	0 	0 	0 	0 	0 	0 	0 	0 	0 	0 	0 	
984.012 	0 	0 	0 	0 	0 	0 	0 	0 	0 	0 	0 	
988.982 	0 	0 	0 	0 	0 	0 	0 	0 	0 	0 	0 	
993.952 	0 	0 	0 	0 	0 	0 	0 	0 	0 	0 	0 	
3.9445 	0 	0 	0 	0 	0 	0 	0 	0 	0 	0 	0 	
7.889 	0 	0 	0 	0 	0 	0 	0 	0 	0 	0 	0 	
11.8335 	0 	0 	0 	0 	0 	0 	0 	0 	0 	0 	0 	
15.778 	0 	0 	0 	0 	0 	0 	0 	0 	0 	0 	0 	
19.7225 	0 	0 	0 	0 	0 	0 	0 	0 	0 	0 	0 	
23.667 	0 	0 	0 	0 	0 	0 	0 	0 	0 	0 	0 	
27.6115 	0 	0 	0 	0 	0 	0 	0 	0 	0 	0 	0 	
31.556 	0 	0 	0 	0 	0 	0 	0 	0 	0 	0 	0 	
35.5005 	0 	0 	0 	0 	0 	0 	0 	0 	0 	0 	0 	
39.445 	0 	0 	0 	0 	0 	0 	0 	0 	0 	0 	0 	
43.3895 	0 	0 	0 	0 	0 	0 	0 	0 	0 	0 	0 	
47.334 	0 	0 	0 	0 	0 	0 	0 	0 	0 	0 	0 	
51.2785 	0 	0 	0 	0 	0 	0 	0 	0 	0 	0 	0 	
55.223 	0 	0 	0 	0 	0 	0 	0 	0 	0 	0 	0 	
59.1675 	0 	0 	0 	0 	0 	0 	0 	0 	0 	0 	0 	
63.112 	0 	0 	0 	0 	0 	0 	0 	0 	0 	0 	0 	
67.0565 	0 	0 	0 	0 	0 	0 	0 	0 	0 	0 	0 	
71.001 	0 	0 	0 	0 	0 	0 	0 	0 	0 	0 	0 	
74.9455 	0 	0 	0 	0 	0 	0 	0 	0 	0 	0 	0 	
78.89 	0 	0 	0 	0 	0 	0 	0 	0 	0 	0 	0 	
82.8345 	0 	0 	0 	0 	0 	0 	0 	0 	0 	0 	0 	
86.779 	0 	0 	0 	0 	0 	0 	0 	0 	0 	0 	0 	
90.7235 	0 	0 	0 	0 	0 	0 	0 	0 	0 	0 	0 	
94.668 	0 	0 	0 	0 	0 	0 	0 	0 	0 	0 	0 	
98.6125 	0 	0 	0 	0 	0 	0 	0 	0 	0 	0 	0 	
102.557 	0 	0 	0 	0 	0 	0 	0 	0 	0 	0 	0 	
106.501 	0 	0 	0 	0 	0 	0 	0 	0 	0 	0 	0 	
110.446 	0 	0 	0 	0 	0 	0 	0 	0 	0 	0 	0 	
114.39 	0 	0 	0 	0 	0 	0 	0 	0 	0 	0 	0 	
118.335 	0 	0 	0 	0 	0 	0 	0 	0 	0 	0 	0 	
122.279 	0 	0 	0 	0 	0 	0 	0 	0 	0 	0 	0 	
126.224 	0 	0 	0 	0 	0 	0 	0 	0 	0 	0 	0 	
130.168 	0 	0 	0 	0 	0 	0 	0 	0 	0 	0 	0 	
134.113 	0 	0 	0 	0 	0 	0 	0 	0 	0 	0 	0 	
138.057 	0 	0 	0 	0 	0 	0 	0 	0 	0 	0 	0 	
142.002 	0 	0 	0 	0 	0 	0 	0 	0 	0 	0 	0 	
145.946 	0 	0 	0 	0 	0 	0 	0 	0 	0 	0 	0 	
149.891 	0 	0 	0 	0 	0 	0 	0 	0 	0 	0 	0 	
153.835 	0 	0 	0 	0 	0 	0 	0 	0 	0 	0 	0 	
157.78 	0 	0 	0 	0 	0 	0 	0 	0 	0 	0 	0 	
161.724 	0 	0 	0 	0 	0 	0 	0 	0 	0 	0 	0 	
165.669 	0 	0 	0 	0 	0 	0 	0 	0 	0 	0 	0 	
169.613 	0 	0 	0 	0 	0 	0 	0 	0 	0 	0 	0 	
173.558 	0 	0 	0 	0 	0 	0 	0 	0 	0 	0 	0 	
177.502 	0 	0 	0 	0 	0 	0 	0 	0 	0 	0 	0 	
181.447 	0 	0 	0 	0 	0 	0 	0 	0 	0 	0 	0 	
185.391 	0 	0 	0 	0 	0 	0 	0 	0 	0 	0 	0 	
189.336 	0 	0 	0 	0 	0 	0 	0 	0 	0 	0 	0 	
193.28 	0 	0 	0 	0 	0 	0 	0 	0 	0 	0 	0 	
197.225 	0 	0 	0 	0 	0 	0 	0 	0 	0 	0 	0 	
201.169 	0 	0 	0 	0 	0 	0 	0 	0 	0 	0 	0 	
205.114 	0 	0 	0 	0 	0 	0 	0 	0 	0 	0 	0 	
209.058 	0 	0 	0 	0 	0 	0 	0 	0 	0 	0 	0 	
213.003 	0 	0 	0 	0 	0 	0 	0 	0 	0 	0 	0 	
216.947 	0 	0 	0 	0 	0 	0 	0 	0 	0 	0 	0 	
220.892 	0 	0 	0 	0 	0 	0 	0 	0 	0 	0 	0 	
224.836 	0 	0 	0 	0 	0 	0 	0 	0 	0 	0 	0 	
228.781 	0 	0 	0 	0 	0 	0 	0 	0 	0 	0 	0 	
232.725 	0 	0 	0 	0 	0 	0 	0 	0 	0 	0 	0 	
236.67 	0 	0 	0 	0 	0 	0 	0 	0 	0 	0 	0 	
240.614 	0 	0 	0 	0 	0 	0 	0 	0 	0 	0 	0 	
244.559 	0 	0 	0 	0 	0 	0 	0 	0 	0 	0 	0 	
248.503 	0 	0 	0 	0 	0 	0 	0 	0 	0 	0 	0 	
252.448 	0 	0 	0 	0 	0 	0 	0 	0 	0 	0 	0 	
256.392 	0 	0 	0 	0 	0 	0 	0 	0 	0 	0 	0 	
260.337 	0 	0 	0 	0 	0 	0 	0 	0 	0 	0 	0 	
264.281 	0 	0 	0 	0 	0 	0 	0 	0 	0 	0 	0 	
268.226 	0 	0 	0 	0 	0 	0 	0 	0 	0 	0 	0 	
272.17 	0 	0 	0 	0 	0 	0 	0 	0 	0 	0 	0 	
276.115 	0 	0 	0 	0 	0 	0 	0 	0 	0 	0 	0 	
280.059 	0 	0 	0 	0 	0 	0 	0 	0 	0 	0 	0 	
284.004 	0 	0 	0 	0 	0 	0 	0 	0 	0 	0 	0 	
287.948 	0 	0 	0 	0 	0 	0 	0 	0 	0 	0 	0 	
291.893 	0 	0 	0 	0 	0 	0 	0 	0 	0 	0 	0 	
295.837 	0 	0 	0 	0 	0 	0 	0 	0 	0 	0 	0 	
299.782 	0 	0 	0 	0 	0 	0 	0 	0 	0 	0 	0 	
303.726 	0 	0 	0 	0 	0 	0 	0 	0 	0 	0 	0 	
307.671 	0 	0 	0 	0 	0 	0 	0 	0 	0 	0 	0 	
311.615 	0 	0 	0 	0 	0 	0 	0 	0 	0 	0 	0 	
315.56 	0 	0 	0 	0 	0 	0 	0 	0 	0 	0 	0 	
319.504 	0 	0 	0 	0 	0 	0 	0 	0 	0 	0 	0 	
323.449 	0 	0 	0 	0 	0 	0 	0 	0 	0 	0 	0 	
327.393 	0 	0 	0 	0 	0 	0 	0 	0 	0 	0 	0 	
331.338 	0 	0 	0 	0 	0 	0 	0 	0 	0 	0 	0 	
335.282 	0 	0 	0 	0 	0 	0 	0 	0 	0 	0 	0 	
339.227 	0 	0 	0 	0 	0 	0 	0 	0 	0 	0 	0 	
343.171 	0 	0 	0 	0 	0 	0 	0 	0 	0 	0 	0 	
347.116 	0 	0 	0 	0 	0 	0 	0 	0 	0 	0 	0 	
351.06 	0 	0 	0 	0 	0 	0 	0 	0 	0 	0 	0 	
355.005 	0 	0 	0 	0 	0 	0 	0 	0 	0 	0 	0 	
358.949 	0 	0 	0 	0 	0 	0 	0 	0 	0 	0 	0 	
362.894 	0 	0 	0 	0 	0 	0 	0 	0 	0 	0 	0 	
366.838 	0 	0 	0 	0 	0 	0 	0 	0 	0 	0 	0 	
370.783 	0 	0 	0 	0 	0 	0 	0 	0 	0 	0 	0 	
374.727 	0 	0 	0 	0 	0 	0 	0 	0 	0 	0 	0 	
378.672 	0 	0 	0 	0 	0 	0 	0 	0 	0 	0 	0 	
382.616 	0 	0 	0 	0 	0 	0 	0 	0 	0 	0 	0 	
386.561 	0 	0 	0 	0 	0 	0 	0 	0 	0 	0 	0 	
390.505 	0 	0 	0 	0 	0 	0 	0 	0 	0 	0 	0 	
394.45 	0 	0 	0 	0 	0 	0 	0 	0 	0 	0 	0 	
398.394 	0 	0 	0 	0 	0 	0 	0 	0 	0 	0 	0 	
402.339 	0 	0 	0 	0 	0 	0 	0 	0 	0 	0 	0 	
406.283 	0 	0 	0 	0 	0 	0 	0 	0 	0 	0 	0 	
410.228 	0 	0 	0 	0 	0 	0 	0 	0 	0 	0 	0 	
414.172 	0 	0 	0 	0 	0 	0 	0 	0 	0 	0 	0 	
418.117 	0 	0 	0 	0 	0 	0 	0 	0 	0 	0 	0 	
422.061 	0 	0 	0 	0 	0 	0 	0 	0 	0 	0 	0 	
426.006 	0 	0 	0 	0 	0 	0 	0 	0 	0 	0 	0 	
429.95 	0 	0 	0 	0 	0 	0 	0 	0 	0 	0 	0 	
433.895 	0 	0 	0 	0 	0 	0 	0 	0 	0 	0 	0 	
437.839 	0 	0 	0 	0 	0 	0 	0 	0 	0 	0 	0 	
441.784 	0 	0 	0 	0 	0 	0 	0 	0 	0 	0 	0 	
445.728 	0 	0 	0 	0 	0 	0 	0 	0 	0 	0 	0 	
449.673 	0 	0 	0 	0 	0 	0 	0 	0 	0 	0 	0 	
453.617 	0 	0 	0 	0 	0 	0 	0 	0 	0 	0 	0 	
457.562 	0 	0 	0 	0 	0 	0 	0 	0 	0 	0 	0 	
461.506 	0 	0 	0 	0 	0 	0 	0 	0 	0 	0 	0 	
465.451 	0 	0 	0 	0 	0 	0 	0 	0 	0 	0 	0 	
469.395 	0 	0 	0 	0 	0 	0 	0 	0 	0 	0 	0 	
473.34 	0 	0 	0 	0 	0 	0 	0 	0 	0 	0 	0 	
477.284 	0 	0 	0 	0 	0 	0 	0 	0 	0 	0 	0 	
481.229 	0 	0 	0 	0 	0 	0 	0 	0 	0 	0 	0 	
485.173 	0 	0 	0 	0 	0 	0 	0 	0 	0 	0 	0 	
489.118 	0 	0 	0 	0 	0 	0 	0 	0 	0 	0 	0 	
493.062 	0 	0 	0 	0 	0 	0 	0 	0 	0 	0 	0 	
497.007 	0 	0 	0 	0 	0 	0 	0 	0 	0 	0 	0 	
500.951 	0 	0 	0 	0 	0 	0 	0 	0 	0 	0 	0 	
504.896 	0 	0 	0 	0 	0 	0 	0 	0 	0 	0 	0 	
508.84 	0 	0 	0 	0 	0 	0 	0 	0 	0 	0 	0 	
512.785 	0 	0 	0 	0 	0 	0 	0 	0 	0 	0 	0 	
516.729 	0 	0 	0 	0 	0 	0 	0 	0 	0 	0 	0 	
520.674 	0 	0 	0 	0 	0 	0 	0 	0 	0 	0 	0 	
524.618 	0 	0 	0 	0 	0 	0 	0 	0 	0 	0 	0 	
528.563 	0 	0 	0 	0 	0 	0 	0 	0 	0 	0 	0 	
532.507 	0 	0 	0 	0 	0 	0 	0 	0 	0 	0 	0 	
536.452 	0 	0 	0 	0 	0 	0 	0 	0 	0 	0 	0 	
540.396 	0 	0 	0 	0 	0 	0 	0 	0 	0 	0 	0 	
544.341 	0 	0 	0 	0 	0 	0 	0 	0 	0 	0 	0 	
548.285 	0 	0 	0 	0 	0 	0 	0 	0 	0 	0 	0 	
552.23 	0 	0 	0 	0 	0 	0 	0 	0 	0 	0 	0 	
556.174 	0 	0 	0 	0 	0 	0 	0 	0 	0 	0 	0 	
560.119 	0 	0 	0 	0 	0 	0 	0 	0 	0 	0 	0 	
564.063 	0 	0 	0 	0 	0 	0 	0 	0 	0 	0 	0 	
568.008 	0 	0 	0 	0 	0 	0 	0 	0 	0 	0 	0 	
571.952 	0 	0 	0 	0 	0 	0 	0 	0 	0 	0 	0 	
575.897 	0 	0 	0 	0 	0 	0 	0 	0 	0 	0 	0 	
579.841 	0 	0 	0 	0 	0 	0 	0 	0 	0 	0 	0 	
583.786 	0 	0 	0 	0 	0 	0 	0 	0 	0 	0 	0 	
587.73 	0 	0 	0 	0 	0 	0 	0 	0 	0 	0 	0 	
591.675 	0 	0 	0 	0 	0 	0 	0 	0 	0 	0 	0 	
595.619 	0 	0 	0 	0 	0 	0 	0 	0 	0 	0 	0 	
599.564 	0 	0 	0 	0 	0 	0 	0 	0 	0 	0 	0 	
603.508 	0 	0 	0 	0 	0 	0 	0 	0 	0 	0 	0 	
607.453 	0 	0 	0 	0 	0 	0 	0 	0 	0 	0 	0 	
611.397 	0 	0 	0 	0 	0 	0 	0 	0 	0 	0 	0 	
615.342 	0 	0 	0 	0 	0 	0 	0 	0 	0 	0 	0 	
619.286 	0 	0 	0 	0 	0 	0 	0 	0 	0 	0 	0 	
623.231 	0 	0 	0 	0 	0 	0 	0 	0 	0 	0 	0 	
627.175 	0 	0 	0 	0 	0 	0 	0 	0 	0 	0 	0 	
631.12 	0 	0 	0 	0 	0 	0 	0 	0 	0 	0 	0 	
635.064 	0 	0 	0 	0 	0 	0 	0 	0 	0 	0 	0 	
639.009 	0 	0 	0 	0 	0 	0 	0 	0 	0 	0 	0 	
642.953 	0 	0 	0 	0 	0 	0 	0 	0 	0 	0 	0 	
646.898 	0 	0 	0 	0 	0 	0 	0 	0 	0 	0 	0 	
650.842 	0 	0 	0 	0 	0 	0 	0 	0 	0 	0 	0 	
654.787 	0 	0 	0 	0 	0 	0 	0 	0 	0 	0 	0 	
658.731 	0 	0 	0 	0 	0 	0 	0 	0 	0 	0 	0 	
662.676 	0 	0 	0 	0 	0 	0 	0 	0 	0 	0 	0 	
666.62 	0 	0 	0 	0 	0 	0 	0 	0 	0 	0 	0 	
670.565 	0 	0 	0 	0 	0 	0 	0 	0 	0 	0 	0 	
674.509 	0 	0 	0 	0 	0 	0 	0 	0 	0 	0 	0 	
678.454 	0 	0 	0 	0 	0 	0 	0 	0 	0 	0 	0 	
682.398 	0 	0 	0 	0 	0 	0 	0 	0 	0 	0 	0 	
686.343 	0 	0 	0 	0 	0 	0 	0 	0 	0 	0 	0 	
690.287 	0 	0 	0 	0 	0 	0 	0 	0 	0 	0 	0 	
694.232 	0 	0 	0 	0 	0 	0 	0 	0 	0 	0 	0 	
698.176 	0 	0 	0 	0 	0 	0 	0 	0 	0 	0 	0 	
702.121 	0 	0 	0 	0 	0 	0 	0 	0 	0 	0 	0 	
706.065 	0 	0 	0 	0 	0 	0 	0 	0 	0 	0 	0 	
710.01 	0 	0 	0 	0 	0 	0 	0 	0 	0 	0 	0 	
713.954 	0 	0 	0 	0 	0 	0 	0 	0 	0 	0 	0 	
717.899 	0 	0 	0 	0 	0 	0 	0 	0 	0 	0 	0 	
722.044 	0 	0 	0 	0 	0 	0 	0 	0 	0 	0 	0 	
726.411 	0 	0 	0 	0 	0 	0 	0 	0 	0 	0 	0 	
731.02 	0 	0 	0 	0 	0 	0 	0 	0 	0 	0 	0 	
735.893 	0 	0 	0 	0 	0 	0 	0 	0 	0 	0 	0 	
741.051 	0 	0 	0 	0 	0 	0 	0 	0 	0 	0 	0 	
746.514 	0 	0 	0 	0 	0 	0 	0 	0 	0 	0 	0 	
752.303 	0 	0 	0 	0 	0 	0 	0 	0 	0 	0 	0 	
758.431 	0 	0 	0 	0 	0 	0 	0 	0 	0 	0 	0 	
764.909 	0 	0 	0 	0 	0 	0 	0 	0 	0 	0 	0 	
771.738 	0 	0 	0 	0 	0 	0 	0 	0 	0 	0 	0 	
778.893 	0 	0 	0 	0 	0 	0 	0 	0 	0 	0 	0 	
786.27 	0 	0 	0 	0 	0 	0 	0 	0 	0 	0 	0 	
793.696 	0 	0 	0 	0 	0 	0 	0 	0 	0 	0 	0 	
801.074 	0 	0 	0 	0 	0 	0 	0 	0 	0 	0 	0 	
808.393 	0 	0 	0 	0 	0 	0 	0 	0 	0 	0 	0 	
815.654 	0 	0 	0 	0 	0 	0 	0 	0 	0 	0 	0 	
822.86 	0 	0 	0 	0 	0 	0 	0 	0 	0 	0 	0 	
830.012 	0 	0 	0 	0 	0 	0 	0 	0 	0 	0 	0 	
3.9445 	0 	0 	0 	0 	0 	0 	0 	0 	0 	0 	0 	
7.889 	0 	0 	0 	0 	0 	0 	0 	0 	0 	0 	0 	
11.8335 	0 	0 	0 	0 	0 	0 	0 	0 	0 	0 	0 	
15.778 	0 	0 	0 	0 	0 	0 	0 	0 	0 	0 	0 	
19.7225 	0 	0 	0 	0 	0 	0 	0 	0 	0 	0 	0 	
23.667 	0 	0 	0 	0 	0 	0 	0 	0 	0 	0 	0 	
27.6115 	0 	0 	0 	0 	0 	0 	0 	0 	0 	0 	0 	
31.556 	0 	0 	0 	0 	0 	0 	0 	0 	0 	0 	0 	
35.5005 	0 	0 	0 	0 	0 	0 	0 	0 	0 	0 	0 	
39.445 	0 	0 	0 	0 	0 	0 	0 	0 	0 	0 	0 	
43.3895 	0 	0 	0 	0 	0 	0 	0 	0 	0 	0 	0 	
47.334 	0 	0 	0 	0 	0 	0 	0 	0 	0 	0 	0 	
51.2785 	0 	0 	0 	0 	0 	0 	0 	0 	0 	0 	0 	
55.223 	0 	0 	0 	0 	0 	0 	0 	0 	0 	0 	0 	
59.1675 	0 	0 	0 	0 	0 	0 	0 	0 	0 	0 	0 	
63.112 	0 	0 	0 	0 	0 	0 	0 	0 	0 	0 	0 	
67.0565 	0 	0 	0 	0 	0 	0 	0 	0 	0 	0 	0 	
71.001 	0 	0 	0 	0 	0 	0 	0 	0 	0 	0 	0 	
74.9455 	0 	0 	0 	0 	0 	0 	0 	0 	0 	0 	0 	
78.89 	0 	0 	0 	0 	0 	0 	0 	0 	0 	0 	0 	
82.8345 	0 	0 	0 	0 	0 	0 	0 	0 	0 	0 	0 	
86.779 	0 	0 	0 	0 	0 	0 	0 	0 	0 	0 	0 	
90.7235 	0 	0 	0 	0 	0 	0 	0 	0 	0 	0 	0 	
94.668 	0 	0 	0 	0 	0 	0 	0 	0 	0 	0 	0 	
98.6125 	0 	0 	0 	0 	0 	0 	0 	0 	0 	0 	0 	
102.557 	0 	0 	0 	0 	0 	0 	0 	0 	0 	0 	0 	
106.501 	0 	0 	0 	0 	0 	0 	0 	0 	0 	0 	0 	
110.446 	0 	0 	0 	0 	0 	0 	0 	0 	0 	0 	0 	
114.39 	0 	0 	0 	0 	0 	0 	0 	0 	0 	0 	0 	
118.335 	0 	0 	0 	0 	0 	0 	0 	0 	0 	0 	0 	
122.279 	0 	0 	0 	0 	0 	0 	0 	0 	0 	0 	0 	
126.224 	0 	0 	0 	0 	0 	0 	0 	0 	0 	0 	0 	
130.168 	0 	0 	0 	0 	0 	0 	0 	0 	0 	0 	0 	
134.113 	0 	0 	0 	0 	0 	0 	0 	0 	0 	0 	0 	
138.057 	0 	0 	0 	0 	0 	0 	0 	0 	0 	0 	0 	
142.002 	0 	0 	0 	0 	0 	0 	0 	0 	0 	0 	0 	
145.946 	0 	0 	0 	0 	0 	0 	0 	0 	0 	0 	0 	
149.891 	0 	0 	0 	0 	0 	0 	0 	0 	0 	0 	0 	
153.835 	0 	0 	0 	0 	0 	0 	0 	0 	0 	0 	0 	
157.78 	0 	0 	0 	0 	0 	0 	0 	0 	0 	0 	0 	
161.724 	0 	0 	0 	0 	0 	0 	0 	0 	0 	0 	0 	
165.669 	0 	0 	0 	0 	0 	0 	0 	0 	0 	0 	0 	
169.613 	0 	0 	0 	0 	0 	0 	0 	0 	0 	0 	0 	
173.558 	0 	0 	0 	0 	0 	0 	0 	0 	0 	0 	0 	
177.502 	0 	0 	0 	0 	0 	0 	0 	0 	0 	0 	0 	
181.447 	0 	0 	0 	0 	0 	0 	0 	0 	0 	0 	0 	
185.391 	0 	0 	0 	0 	0 	0 	0 	0 	0 	0 	0 	
189.336 	0 	0 	0 	0 	0 	0 	0 	0 	0 	0 	0 	
193.28 	0 	0 	0 	0 	0 	0 	0 	0 	0 	0 	0 	
197.225 	0 	0 	0 	0 	0 	0 	0 	0 	0 	0 	0 	
201.169 	0 	0 	0 	0 	0 	0 	0 	0 	0 	0 	0 	
205.114 	0 	0 	0 	0 	0 	0 	0 	0 	0 	0 	0 	
209.058 	0 	0 	0 	0 	0 	0 	0 	0 	0 	0 	0 	
213.003 	0 	0 	0 	0 	0 	0 	0 	0 	0 	0 	0 	
216.947 	0 	0 	0 	0 	0 	0 	0 	0 	0 	0 	0 	
220.892 	0 	0 	0 	0 	0 	0 	0 	0 	0 	0 	0 	
224.836 	0 	0 	0 	0 	0 	0 	0 	0 	0 	0 	0 	
228.781 	0 	0 	0 	0 	0 	0 	0 	0 	0 	0 	0 	
232.725 	0 	0 	0 	0 	0 	0 	0 	0 	0 	0 	0 	
236.67 	0 	0 	0 	0 	0 	0 	0 	0 	0 	0 	0 	
240.614 	0 	0 	0 	0 	0 	0 	0 	0 	0 	0 	0 	
244.559 	0 	0 	0 	0 	0 	0 	0 	0 	0 	0 	0 	
248.503 	0 	0 	0 	0 	0 	0 	0 	0 	0 	0 	0 	
252.448 	0 	0 	0 	0 	0 	0 	0 	0 	0 	0 	0 	
256.392 	0 	0 	0 	0 	0 	0 	0 	0 	0 	0 	0 	
260.337 	0 	0 	0 	0 	0 	0 	0 	0 	0 	0 	0 	
264.281 	0 	0 	0 	0 	0 	0 	0 	0 	0 	0 	0 	
268.226 	0 	0 	0 	0 	0 	0 	0 	0 	0 	0 	0 	
272.17 	0 	0 	0 	0 	0 	0 	0 	0 	0 	0 	0 	
276.115 	0 	0 	0 	0 	0 	0 	0 	0 	0 	0 	0 	
280.059 	0 	0 	0 	0 	0 	0 	0 	0 	0 	0 	0 	
284.004 	0 	0 	0 	0 	0 	0 	0 	0 	0 	0 	0 	
287.948 	0 	0 	0 	0 	0 	0 	0 	0 	0 	0 	0 	
291.893 	0 	0 	0 	0 	0 	0 	0 	0 	0 	0 	0 	
295.837 	0 	0 	0 	0 	0 	0 	0 	0 	0 	0 	0 	
299.782 	0 	0 	0 	0 	0 	0 	0 	0 	0 	0 	0 	
303.726 	0 	0 	0 	0 	0 	0 	0 	0 	0 	0 	0 	
307.671 	0 	0 	0 	0 	0 	0 	0 	0 	0 	0 	0 	
311.615 	0 	0 	0 	0 	0 	0 	0 	0 	0 	0 	0 	
315.56 	0 	0 	0 	0 	0 	0 	0 	0 	0 	0 	0 	
319.504 	0 	0 	0 	0 	0 	0 	0 	0 	0 	0 	0 	
323.449 	0 	0 	0 	0 	0 	0 	0 	0 	0 	0 	0 	
327.393 	0 	0 	0 	0 	0 	0 	0 	0 	0 	0 	0 	
331.338 	0 	0 	0 	0 	0 	0 	0 	0 	0 	0 	0 	
335.282 	0 	0 	0 	0 	0 	0 	0 	0 	0 	0 	0 	
339.227 	0 	0 	0 	0 	0 	0 	0 	0 	0 	0 	0 	
343.171 	0 	0 	0 	0 	0 	0 	0 	0 	0 	0 	0 	
347.116 	0 	0 	0 	0 	0 	0 	0 	0 	0 	0 	0 	
351.06 	0 	0 	0 	0 	0 	0 	0 	0 	0 	0 	0 	
355.005 	0 	0 	0 	0 	0 	0 	0 	0 	0 	0 	0 	
358.949 	0 	0 	0 	0 	0 	0 	0 	0 	0 	0 	0 	
362.894 	0 	0 	0 	0 	0 	0 	0 	0 	0 	0 	0 	
366.838 	0 	0 	0 	0 	0 	0 	0 	0 	0 	0 	0 	
370.783 	0 	0 	0 	0 	0 	0 	0 	0 	0 	0 	0 	
374.727 	0 	0 	0 	0 	0 	0 	0 	0 	0 	0 	0 	
378.672 	0 	0 	0 	0 	0 	0 	0 	0 	0 	0 	0 	
382.616 	0 	0 	0 	0 	0 	0 	0 	0 	0 	0 	0 	
386.561 	0 	0 	0 	0 	0 	0 	0 	0 	0 	0 	0 	
390.505 	0 	0 	0 	0 	0 	0 	0 	0 	0 	0 	0 	
394.45 	0 	0 	0 	0 	0 	0 	0 	0 	0 	0 	0 	
398.394 	0 	0 	0 	0 	0 	0 	0 	0 	0 	0 	0 	
402.339 	0 	0 	0 	0 	0 	0 	0 	0 	0 	0 	0 	
406.283 	0 	0 	0 	0 	0 	0 	0 	0 	0 	0 	0 	
410.228 	0 	0 	0 	0 	0 	0 	0 	0 	0 	0 	0 	
414.172 	0 	0 	0 	0 	0 	0 	0 	0 	0 	0 	0 	
418.117 	0 	0 	0 	0 	0 	0 	0 	0 	0 	0 	0 	
422.061 	0 	0 	0 	0 	0 	0 	0 	0 	0 	0 	0 	
426.006 	0 	0 	0 	0 	0 	0 	0 	0 	0 	0 	0 	
429.95 	0 	0 	0 	0 	0 	0 	0 	0 	0 	0 	0 	
433.895 	0 	0 	0 	0 	0 	0 	0 	0 	0 	0 	0 	
437.839 	0 	0 	0 	0 	0 	0 	0 	0 	0 	0 	0 	
441.784 	0 	0 	0 	0 	0 	0 	0 	0 	0 	0 	0 	
445.728 	0 	0 	0 	0 	0 	0 	0 	0 	0 	0 	0 	
449.673 	0 	0 	0 	0 	0 	0 	0 	0 	0 	0 	0 	
453.617 	0 	0 	0 	0 	0 	0 	0 	0 	0 	0 	0 	
457.562 	0 	0 	0 	0 	0 	0 	0 	0 	0 	0 	0 	
461.506 	0 	0 	0 	0 	0 	0 	0 	0 	0 	0 	0 	
465.451 	0 	0 	0 	0 	0 	0 	0 	0 	0 	0 	0 	
469.395 	0 	0 	0 	0 	0 	0 	0 	0 	0 	0 	0 	
473.34 	0 	0 	0 	0 	0 	0 	0 	0 	0 	0 	0 	
477.284 	0 	0 	0 	0 	0 	0 	0 	0 	0 	0 	0 	
481.229 	0 	0 	0 	0 	0 	0 	0 	0 	0 	0 	0 	
485.173 	0 	0 	0 	0 	0 	0 	0 	0 	0 	0 	0 	
489.118 	0 	0 	0 	0 	0 	0 	0 	0 	0 	0 	0 	
493.062 	0 	0 	0 	0 	0 	0 	0 	0 	0 	0 	0 	
497.007 	0 	0 	0 	0 	0 	0 	0 	0 	0 	0 	0 	
500.951 	0 	0 	0 	0 	0 	0 	0 	0 	0 	0 	0 	
504.896 	0 	0 	0 	0 	0 	0 	0 	0 	0 	0 	0 	
508.84 	0 	0 	0 	0 	0 	0 	0 	0 	0 	0 	0 	
512.785 	0 	0 	0 	0 	0 	0 	0 	0 	0 	0 	0 	
516.729 	0 	0 	0 	0 	0 	0 	0 	0 	0 	0 	0 	
520.674 	0 	0 	0 	0 	0 	0 	0 	0 	0 	0 	0 	
524.618 	0 	0 	0 	0 	0 	0 	0 	0 	0 	0 	0 	
528.563 	0 	0 	0 	0 	0 	0 	0 	0 	0 	0 	0 	
532.507 	0 	0 	0 	0 	0 	0 	0 	0 	0 	0 	0 	
536.452 	0 	0 	0 	0 	0 	0 	0 	0 	0 	0 	0 	
540.396 	0 	0 	0 	0 	0 	0 	0 	0 	0 	0 	0 	
544.341 	0 	0 	0 	0 	0 	0 	0 	0 	0 	0 	0 	
548.285 	0 	0 	0 	0 	0 	0 	0 	0 	0 	0 	0 	
552.23 	0 	0 	0 	0 	0 	0 	0 	0 	0 	0 	0 	
556.174 	0 	0 	0 	0 	0 	0 	0 	0 	0 	0 	0 	
560.119 	0 	0 	0 	0 	0 	0 	0 	0 	0 	0 	0 	
564.063 	0 	0 	0 	0 	0 	0 	0 	0 	0 	0 	0 	
568.008 	0 	0 	0 	0 	0 	0 	0 	0 	0 	0 	0 	
571.952 	0 	0 	0 	0 	0 	0 	0 	0 	0 	0 	0 	
575.897 	0 	0 	0 	0 	0 	0 	0 	0 	0 	0 	0 	
579.841 	0 	0 	0 	0 	0 	0 	0 	0 	0 	0 	0 	
583.786 	0 	0 	0 	0 	0 	0 	0 	0 	0 	0 	0 	
587.73 	0 	0 	0 	0 	0 	0 	0 	0 	0 	0 	0 	
591.675 	0 	0 	0 	0 	0 	0 	0 	0 	0 	0 	0 	
595.619 	0 	0 	0 	0 	0 	0 	0 	0 	0 	0 	0 	
599.564 	0 	0 	0 	0 	0 	0 	0 	0 	0 	0 	0 	
603.508 	0 	0 	0 	0 	0 	0 	0 	0 	0 	0 	0 	
607.453 	0 	0 	0 	0 	0 	0 	0 	0 	0 	0 	0 	
611.397 	0 	0 	0 	0 	0 	0 	0 	0 	0 	0 	0 	
615.342 	0 	0 	0 	0 	0 	0 	0 	0 	0 	0 	0 	
619.286 	0 	0 	0 	0 	0 	0 	0 	0 	0 	0 	0 	
623.231 	0 	0 	0 	0 	0 	0 	0 	0 	0 	0 	0 	
627.175 	0 	0 	0 	0 	0 	0 	0 	0 	0 	0 	0 	
631.12 	0 	0 	0 	0 	0 	0 	0 	0 	0 	0 	0 	
635.064 	0 	0 	0 	0 	0 	0 	0 	0 	0 	0 	0 	
639.009 	0 	0 	0 	0 	0 	0 	0 	0 	0 	0 	0 	
642.953 	0 	0 	0 	0 	0 	0 	0 	0 	0 	0 	0 	
646.898 	0 	0 	0 	0 	0 	0 	0 	0 	0 	0 	0 	
650.842 	0 	0 	0 	0 	0 	0 	0 	0 	0 	0 	0 	
654.787 	0 	0 	0 	0 	0 	0 	0 	0 	0 	0 	0 	
658.731 	0 	0 	0 	0 	0 	0 	0 	0 	0 	0 	0 	
662.676 	0 	0 	0 	0 	0 	0 	0 	0 	0 	0 	0 	
666.62 	0 	0 	0 	0 	0 	0 	0 	0 	0 	0 	0 	
670.565 	0 	0 	0 	0 	0 	0 	0 	0 	0 	0 	0 	
674.509 	0 	0 	0 	0 	0 	0 	0 	0 	0 	0 	0 	
678.454 	0 	0 	0 	0 	0 	0 	0 	0 	0 	0 	0 	
682.398 	0 	0 	0 	0 	0 	0 	0 	0 	0 	0 	0 	
686.343 	0 	0 	0 	0 	0 	0 	0 	0 	0 	0 	0 	
690.287 	0 	0 	0 	0 	0 	0 	0 	0 	0 	0 	0 	
694.232 	0 	0 	0 	0 	0 	0 	0 	0 	0 	0 	0 	
698.176 	0 	0 	0 	0 	0 	0 	0 	0 	0 	0 	0 	
702.121 	0 	0 	0 	0 	0 	0 	0 	0 	0 	0 	0 	
706.065 	0 	0 	0 	0 	0 	0 	0 	0 	0 	0 	0 	
710.01 	0 	0 	0 	0 	0 	0 	0 	0 	0 	0 	0 	
713.954 	0 	0 	0 	0 	0 	0 	0 	0 	0 	0 	0 	
717.899 	0 	0 	0 	0 	0 	0 	0 	0 	0 	0 	0 	
721.843 	0 	0 	0 	0 	0 	0 	0 	0 	0 	0 	0 	
725.788 	0 	0 	0 	0 	0 	0 	0 	0 	0 	0 	0 	
729.732 	0 	0 	0 	0 	0 	0 	0 	0 	0 	0 	0 	
733.677 	0 	0 	0 	0 	0 	0 	0 	0 	0 	0 	0 	
737.621 	0 	0 	0 	0 	0 	0 	0 	0 	0 	0 	0 	
741.566 	0 	0 	0 	0 	0 	0 	0 	0 	0 	0 	0 	
745.51 	0 	0 	0 	0 	0 	0 	0 	0 	0 	0 	0 	
749.455 	0 	0 	0 	0 	0 	0 	0 	0 	0 	0 	0 	
753.399 	0 	0 	0 	0 	0 	0 	0 	0 	0 	0 	0 	
757.344 	0 	0 	0 	0 	0 	0 	0 	0 	0 	0 	0 	
761.288 	0 	0 	0 	0 	0 	0 	0 	0 	0 	0 	0 	
765.233 	0 	0 	0 	0 	0 	0 	0 	0 	0 	0 	0 	
769.177 	0 	0 	0 	0 	0 	0 	0 	0 	0 	0 	0 	
775.416 	0 	0 	0 	0 	0 	0 	0 	0 	0 	0 	0 	
783.219 	0 	0 	0 	0 	0 	0 	0 	0 	0 	0 	0 	
790.947 	0 	0 	0 	0 	0 	0 	0 	0 	0 	0 	0 	
798.604 	0 	0 	0 	0 	0 	0 	0 	0 	0 	0 	0 	
806.192 	0 	0 	0 	0 	0 	0 	0 	0 	0 	0 	0 	
