4.96976 	100 	2.95934e+17 	1.44955e+17 	0 	0 	0 	1 	0 	0 	1 	0.5 	0 	0 	
9.93952 	100 	2.07154e+18 	1.01468e+18 	0 	0 	0 	1 	0 	0 	1 	0.5 	0 	0 	
14.9093 	100 	5.62274e+18 	2.75414e+18 	0 	0 	0 	1 	0 	0 	1 	0.5 	0 	0 	
19.879 	100 	1.09495e+19 	5.36332e+18 	0 	0 	0 	1 	0 	0 	1 	0.5 	0 	0 	
24.8488 	100 	1.8052e+19 	8.84223e+18 	0 	0 	0 	1 	0 	0 	1 	0.5 	0 	0 	
29.8186 	100 	2.693e+19 	1.31909e+19 	0 	0 	0 	1 	0 	0 	1 	0.5 	0 	0 	
34.7883 	100 	3.75836e+19 	1.84092e+19 	0 	0 	0 	1 	0 	0 	1 	0.5 	0 	0 	
39.7581 	100 	5.00128e+19 	2.44973e+19 	0 	0 	0 	1 	0 	0 	1 	0.5 	0 	0 	
44.7278 	100 	6.42176e+19 	3.14551e+19 	0 	0 	0 	1 	0 	0 	1 	0.5 	0 	0 	
49.6976 	100 	8.01981e+19 	3.92827e+19 	0 	0 	0 	1 	0 	0 	1 	0.5 	0 	0 	
54.6673 	100 	9.79541e+19 	4.798e+19 	0 	0 	0 	1 	0 	0 	1 	0.5 	0 	0 	
59.6371 	100 	1.17486e+20 	5.7547e+19 	0 	0 	0 	1 	0 	0 	1 	0.5 	0 	0 	
64.6069 	100 	1.38793e+20 	6.79837e+19 	0 	0 	0 	1 	0 	0 	1 	0.5 	0 	0 	
69.5766 	100 	1.61876e+20 	7.92901e+19 	0 	0 	0 	1 	0 	0 	1 	0.5 	0 	0 	
74.5464 	100 	1.86734e+20 	9.14663e+19 	0 	0 	0 	1 	0 	0 	1 	0.5 	0 	0 	
79.5161 	100 	2.13368e+20 	1.04512e+20 	0 	0 	0 	1 	0 	0 	1 	0.5 	0 	0 	
84.4859 	100 	2.41778e+20 	1.18428e+20 	0 	0 	0 	1 	0 	0 	1 	0.5 	0 	0 	
89.4557 	100 	2.71963e+20 	1.33213e+20 	0 	0 	0 	1 	0 	0 	1 	0.5 	0 	0 	
94.4254 	100 	3.03924e+20 	1.48868e+20 	0 	0 	0 	1 	0 	0 	1 	0.5 	0 	0 	
99.3952 	100 	3.3766e+20 	1.65393e+20 	0 	0 	0 	1 	0 	0 	1 	0.5 	0 	0 	
104.365 	100 	3.73172e+20 	1.82788e+20 	0 	0 	0 	1 	0 	0 	1 	0.5 	0 	0 	
109.335 	100 	4.1046e+20 	2.01052e+20 	0 	0 	0 	1 	0 	0 	1 	0.5 	0 	0 	
114.304 	100 	4.49523e+20 	2.20186e+20 	0 	0 	0 	1 	0 	0 	1 	0.5 	0 	0 	
119.274 	100 	4.90362e+20 	2.4019e+20 	0 	0 	0 	1 	0 	0 	1 	0.5 	0 	0 	
124.244 	100 	5.32977e+20 	2.61063e+20 	0 	0 	0 	1 	0 	0 	1 	0.5 	0 	0 	
129.214 	100 	5.77367e+20 	2.82806e+20 	0 	0 	0 	1 	0 	0 	1 	0.5 	0 	0 	
134.183 	100 	6.23532e+20 	3.05419e+20 	0 	0 	0 	1 	0 	0 	1 	0.5 	0 	0 	
139.153 	100 	6.71474e+20 	3.28902e+20 	0 	0 	0 	1 	0 	0 	1 	0.5 	0 	0 	
144.123 	100 	7.21191e+20 	3.53254e+20 	0 	0 	0 	1 	0 	0 	1 	0.5 	0 	0 	
149.093 	100 	7.72683e+20 	3.78476e+20 	0 	0 	0 	1 	0 	0 	1 	0.5 	0 	0 	
154.063 	100 	8.25951e+20 	4.04568e+20 	0 	0 	0 	1 	0 	0 	1 	0.5 	0 	0 	
159.032 	100 	8.80995e+20 	4.3153e+20 	0 	0 	0 	1 	0 	0 	1 	0.5 	0 	0 	
164.002 	100 	9.37814e+20 	4.59361e+20 	0 	0 	0 	1 	0 	0 	1 	0.5 	0 	0 	
168.972 	100 	9.96409e+20 	4.88062e+20 	0 	0 	0 	1 	0 	0 	1 	0.5 	0 	0 	
173.942 	100 	1.05678e+21 	5.17633e+20 	0 	0 	0 	1 	0 	0 	1 	0.5 	0 	0 	
178.911 	100 	1.11893e+21 	5.48073e+20 	0 	0 	0 	1 	0 	0 	1 	0.5 	0 	0 	
183.881 	100 	1.18285e+21 	5.79383e+20 	0 	0 	0 	1 	0 	0 	1 	0.5 	0 	0 	
188.851 	100 	1.24854e+21 	6.11563e+20 	0 	0 	0 	1 	0 	0 	1 	0.5 	0 	0 	
193.821 	100 	1.31602e+21 	6.44613e+20 	0 	0 	0 	1 	0 	0 	1 	0.5 	0 	0 	
198.79 	100 	1.38527e+21 	6.78532e+20 	0 	0 	0 	1 	0 	0 	1 	0.5 	0 	0 	
203.76 	100 	1.45629e+21 	7.13321e+20 	0 	0 	0 	1 	0 	0 	1 	0.5 	0 	0 	
208.73 	100 	1.52909e+21 	7.4898e+20 	0 	0 	0 	1 	0 	0 	1 	0.5 	0 	0 	
213.7 	100 	1.60367e+21 	7.85509e+20 	0 	0 	0 	1 	0 	0 	1 	0.5 	0 	0 	
218.669 	100 	1.68002e+21 	8.22907e+20 	0 	0 	0 	1 	0 	0 	1 	0.5 	0 	0 	
223.639 	100 	1.75814e+21 	8.61175e+20 	0 	0 	0 	1 	0 	0 	1 	0.5 	0 	0 	
228.609 	100 	1.83804e+21 	9.00313e+20 	0 	0 	0 	1 	0 	0 	1 	0.5 	0 	0 	
233.579 	100 	1.91972e+21 	9.4032e+20 	0 	0 	0 	1 	0 	0 	1 	0.5 	0 	0 	
238.548 	100 	2.00318e+21 	9.81197e+20 	0 	0 	0 	1 	0 	0 	1 	0.5 	0 	0 	
243.518 	100 	2.0884e+21 	1.02294e+21 	0 	0 	0 	1 	0 	0 	1 	0.5 	0 	0 	
248.488 	100 	2.17541e+21 	1.06556e+21 	0 	0 	0 	1 	0 	0 	1 	0.5 	0 	0 	
253.458 	100 	2.26419e+21 	1.10905e+21 	0 	0 	0 	1 	0 	0 	1 	0.5 	0 	0 	
258.427 	100 	2.35475e+21 	1.1534e+21 	0 	0 	0 	1 	0 	0 	1 	0.5 	0 	0 	
263.397 	100 	2.44708e+21 	1.19863e+21 	0 	0 	0 	1 	0 	0 	1 	0.5 	0 	0 	
268.367 	100 	2.54118e+21 	1.24472e+21 	0 	0 	0 	1 	0 	0 	1 	0.5 	0 	0 	
273.337 	100 	2.63707e+21 	1.29169e+21 	0 	0 	0 	1 	0 	0 	1 	0.5 	0 	0 	
278.306 	100 	2.73472e+21 	1.33953e+21 	0 	0 	0 	1 	0 	0 	1 	0.5 	0 	0 	
283.276 	100 	2.83416e+21 	1.38823e+21 	0 	0 	0 	1 	0 	0 	1 	0.5 	0 	0 	
288.246 	100 	2.93537e+21 	1.4378e+21 	0 	0 	0 	1 	0 	0 	1 	0.5 	0 	0 	
293.216 	100 	3.03835e+21 	1.48825e+21 	0 	0 	0 	1 	0 	0 	1 	0.5 	0 	0 	
298.186 	100 	3.14311e+21 	1.53956e+21 	0 	0 	0 	1 	0 	0 	1 	0.5 	0 	0 	
303.155 	100 	3.24965e+21 	1.59175e+21 	0 	0 	0 	1 	0 	0 	1 	0.5 	0 	0 	
308.125 	100 	3.35796e+21 	1.6448e+21 	0 	0 	0 	1 	0 	0 	1 	0.5 	0 	0 	
313.095 	100 	3.46805e+21 	1.69872e+21 	0 	0 	0 	1 	0 	0 	1 	0.5 	0 	0 	
318.065 	100 	3.57991e+21 	1.75352e+21 	0 	0 	0 	1 	0 	0 	1 	0.5 	0 	0 	
323.034 	100 	3.69355e+21 	1.80918e+21 	0 	0 	0 	1 	0 	0 	1 	0.5 	0 	0 	
328.004 	100 	3.80896e+21 	1.86571e+21 	0 	0 	0 	1 	0 	0 	1 	0.5 	0 	0 	
332.974 	100 	3.92615e+21 	1.92311e+21 	0 	0 	0 	1 	0 	0 	1 	0.5 	0 	0 	
337.944 	100 	4.04512e+21 	1.98138e+21 	0 	0 	0 	1 	0 	0 	1 	0.5 	0 	0 	
342.913 	100 	4.16586e+21 	2.04053e+21 	0 	0 	0 	1 	0 	0 	1 	0.5 	0 	0 	
347.883 	100 	4.28838e+21 	2.10054e+21 	0 	0 	0 	1 	0 	0 	1 	0.5 	0 	0 	
352.853 	100 	4.41267e+21 	2.16142e+21 	0 	0 	0 	1 	0 	0 	1 	0.5 	0 	0 	
357.823 	100 	4.53874e+21 	2.22317e+21 	0 	0 	0 	1 	0 	0 	1 	0.5 	0 	0 	
362.792 	100 	4.66658e+21 	2.28579e+21 	0 	0 	0 	1 	0 	0 	1 	0.5 	0 	0 	
367.762 	100 	4.7962e+21 	2.34928e+21 	0 	0 	0 	1 	0 	0 	1 	0.5 	0 	0 	
372.732 	100 	4.92759e+21 	2.41364e+21 	0 	0 	0 	1 	0 	0 	1 	0.5 	0 	0 	
377.702 	100 	5.06076e+21 	2.47887e+21 	0 	0 	0 	1 	0 	0 	1 	0.5 	0 	0 	
382.671 	100 	5.19571e+21 	2.54497e+21 	0 	0 	0 	1 	0 	0 	1 	0.5 	0 	0 	
387.641 	100 	5.33243e+21 	2.61194e+21 	0 	0 	0 	1 	0 	0 	1 	0.5 	0 	0 	
392.611 	100 	5.47093e+21 	2.67978e+21 	0 	0 	0 	1 	0 	0 	1 	0.5 	0 	0 	
397.581 	100 	5.6112e+21 	2.74848e+21 	0 	0 	0 	1 	0 	0 	1 	0.5 	0 	0 	
402.55 	100 	5.75325e+21 	2.81806e+21 	0 	0 	0 	1 	0 	0 	1 	0.5 	0 	0 	
407.52 	100 	5.89707e+21 	2.88851e+21 	0 	0 	0 	1 	0 	0 	1 	0.5 	0 	0 	
412.49 	100 	6.04267e+21 	2.95983e+21 	0 	0 	0 	1 	0 	0 	1 	0.5 	0 	0 	
417.46 	100 	6.19005e+21 	3.03201e+21 	0 	0 	0 	1 	0 	0 	1 	0.5 	0 	0 	
422.429 	100 	6.3392e+21 	3.10507e+21 	0 	0 	0 	1 	0 	0 	1 	0.5 	0 	0 	
427.399 	100 	6.49012e+21 	3.179e+21 	0 	0 	0 	1 	0 	0 	1 	0.5 	0 	0 	
432.369 	100 	6.64283e+21 	3.2538e+21 	0 	0 	0 	1 	0 	0 	1 	0.5 	0 	0 	
437.339 	100 	6.7973e+21 	3.32946e+21 	0 	0 	0 	1 	0 	0 	1 	0.5 	0 	0 	
442.309 	100 	6.95356e+21 	3.406e+21 	0 	0 	0 	1 	0 	0 	1 	0.5 	0 	0 	
447.278 	100 	7.11158e+21 	3.4834e+21 	0 	0 	0 	1 	0 	0 	1 	0.5 	0 	0 	
452.248 	100 	7.27139e+21 	3.56168e+21 	0 	0 	0 	1 	0 	0 	1 	0.5 	0 	0 	
457.218 	100 	7.43297e+21 	3.64082e+21 	0 	0 	0 	1 	0 	0 	1 	0.5 	0 	0 	
462.188 	100 	7.59632e+21 	3.72084e+21 	0 	0 	0 	1 	0 	0 	1 	0.5 	0 	0 	
467.157 	100 	7.76146e+21 	3.80172e+21 	0 	0 	0 	1 	0 	0 	1 	0.5 	0 	0 	
472.127 	100 	7.92836e+21 	3.88348e+21 	0 	0 	0 	1 	0 	0 	1 	0.5 	0 	0 	
477.097 	100 	8.09704e+21 	3.9661e+21 	0 	0 	0 	1 	0 	0 	1 	0.5 	0 	0 	
482.067 	100 	8.2675e+21 	4.0496e+21 	0 	0 	0 	1 	0 	0 	1 	0.5 	0 	0 	
487.036 	100 	8.43974e+21 	4.13396e+21 	0 	0 	0 	1 	0 	0 	1 	0.5 	0 	0 	
492.006 	100 	8.61374e+21 	4.21919e+21 	0 	0 	0 	1 	0 	0 	1 	0.5 	0 	0 	
496.976 	100 	8.78953e+21 	4.3053e+21 	0 	0 	0 	1 	0 	0 	1 	0.5 	0 	0 	
501.946 	100 	8.96709e+21 	4.39227e+21 	0 	0 	0 	1 	0 	0 	1 	0.5 	0 	0 	
506.915 	100 	9.14643e+21 	4.48011e+21 	0 	0 	0 	1 	0 	0 	1 	0.5 	0 	0 	
511.885 	100 	9.32754e+21 	4.56882e+21 	0 	0 	0 	1 	0 	0 	1 	0.5 	0 	0 	
516.855 	100 	9.51042e+21 	4.6584e+21 	0 	0 	0 	1 	0 	0 	1 	0.5 	0 	0 	
521.825 	100 	9.69509e+21 	4.74886e+21 	0 	0 	0 	1 	0 	0 	1 	0.5 	0 	0 	
526.794 	100 	9.88152e+21 	4.84018e+21 	0 	0 	0 	1 	0 	0 	1 	0.5 	0 	0 	
531.764 	100 	1.00697e+22 	4.93237e+21 	0 	0 	0 	1 	0 	0 	1 	0.5 	0 	0 	
536.734 	100 	1.02597e+22 	5.02543e+21 	0 	0 	0 	1 	0 	0 	1 	0.5 	0 	0 	
541.704 	100 	1.04515e+22 	5.11936e+21 	0 	0 	0 	1 	0 	0 	1 	0.5 	0 	0 	
546.673 	100 	1.0645e+22 	5.21416e+21 	0 	0 	0 	1 	0 	0 	1 	0.5 	0 	0 	
551.643 	100 	1.08404e+22 	5.30983e+21 	0 	0 	0 	1 	0 	0 	1 	0.5 	0 	0 	
556.613 	100 	1.10374e+22 	5.40637e+21 	0 	0 	0 	1 	0 	0 	1 	0.5 	0 	0 	
561.583 	100 	1.12363e+22 	5.50378e+21 	0 	0 	0 	1 	0 	0 	1 	0.5 	0 	0 	
566.552 	100 	1.1437e+22 	5.60206e+21 	0 	0 	0 	1 	0 	0 	1 	0.5 	0 	0 	
571.522 	100 	1.16394e+22 	5.70121e+21 	0 	0 	0 	1 	0 	0 	1 	0.5 	0 	0 	
576.492 	100 	1.18436e+22 	5.80123e+21 	0 	0 	0 	1 	0 	0 	1 	0.5 	0 	0 	
581.462 	100 	1.20495e+22 	5.90212e+21 	0 	0 	0 	1 	0 	0 	1 	0.5 	0 	0 	
586.432 	100 	1.22573e+22 	6.00387e+21 	0 	0 	0 	1 	0 	0 	1 	0.5 	0 	0 	
591.401 	100 	1.24668e+22 	6.1065e+21 	0 	0 	0 	1 	0 	0 	1 	0.5 	0 	0 	
596.371 	100 	1.26781e+22 	6.21e+21 	0 	0 	0 	1 	0 	0 	1 	0.5 	0 	0 	
601.341 	100 	1.28912e+22 	6.31437e+21 	0 	0 	0 	1 	0 	0 	1 	0.5 	0 	0 	
606.311 	100 	1.3106e+22 	6.4196e+21 	0 	0 	0 	1 	0 	0 	1 	0.5 	0 	0 	
611.28 	100 	1.33226e+22 	6.52571e+21 	0 	0 	0 	1 	0 	0 	1 	0.5 	0 	0 	
616.25 	100 	1.3541e+22 	6.63269e+21 	0 	0 	0 	1 	0 	0 	1 	0.5 	0 	0 	
621.22 	100 	1.37612e+22 	6.74053e+21 	0 	0 	0 	1 	0 	0 	1 	0.5 	0 	0 	
626.19 	100 	1.39832e+22 	6.84925e+21 	0 	0 	0 	1 	0 	0 	1 	0.5 	0 	0 	
631.159 	100 	1.42069e+22 	6.95883e+21 	0 	0 	0 	1 	0 	0 	1 	0.5 	0 	0 	
636.129 	100 	1.44324e+22 	7.06929e+21 	0 	0 	0 	1 	0 	0 	1 	0.5 	0 	0 	
641.099 	100 	1.46597e+22 	7.18061e+21 	0 	0 	0 	1 	0 	0 	1 	0.5 	0 	0 	
646.069 	100 	1.48887e+22 	7.29281e+21 	0 	0 	0 	1 	0 	0 	1 	0.5 	0 	0 	
651.038 	100 	1.51196e+22 	7.40587e+21 	0 	0 	0 	1 	0 	0 	1 	0.5 	0 	0 	
656.008 	100 	1.53522e+22 	7.51981e+21 	0 	0 	0 	1 	0 	0 	1 	0.5 	0 	0 	
660.978 	100 	1.55865e+22 	7.63461e+21 	0 	0 	0 	1 	0 	0 	1 	0.5 	0 	0 	
665.948 	100 	1.58227e+22 	7.75029e+21 	0 	0 	0 	1 	0 	0 	1 	0.5 	0 	0 	
670.917 	100 	1.60606e+22 	7.86683e+21 	0 	0 	0 	1 	0 	0 	1 	0.5 	0 	0 	
675.887 	100 	1.63003e+22 	7.98424e+21 	0 	0 	0 	1 	0 	0 	1 	0.5 	0 	0 	
680.857 	100 	1.65418e+22 	8.10253e+21 	0 	0 	0 	1 	0 	0 	1 	0.5 	0 	0 	
685.827 	100 	1.67851e+22 	8.22168e+21 	0 	0 	0 	1 	0 	0 	1 	0.5 	0 	0 	
690.796 	100 	1.70301e+22 	8.3417e+21 	0 	0 	0 	1 	0 	0 	1 	0.5 	0 	0 	
695.766 	100 	1.72769e+22 	8.46259e+21 	0 	0 	0 	1 	0 	0 	1 	0.5 	0 	0 	
700.736 	100 	1.75255e+22 	8.58435e+21 	0 	0 	0 	1 	0 	0 	1 	0.5 	0 	0 	
705.706 	100 	1.77759e+22 	8.70699e+21 	0 	0 	0 	1 	0 	0 	1 	0.5 	0 	0 	
710.675 	100 	1.8028e+22 	8.83049e+21 	0 	0 	0 	1 	0 	0 	1 	0.5 	0 	0 	
715.645 	100 	1.82819e+22 	8.95486e+21 	0 	0 	0 	1 	0 	0 	1 	0.5 	0 	0 	
720.615 	100 	1.85376e+22 	9.0801e+21 	0 	0 	0 	1 	0 	0 	1 	0.5 	0 	0 	
725.585 	100 	1.87951e+22 	9.20621e+21 	0 	0 	0 	1 	0 	0 	1 	0.5 	0 	0 	
730.555 	100 	1.90543e+22 	9.33319e+21 	0 	0 	0 	1 	0 	0 	1 	0.5 	0 	0 	
735.524 	100 	1.93153e+22 	9.46104e+21 	0 	0 	0 	1 	0 	0 	1 	0.5 	0 	0 	
740.494 	100 	1.95781e+22 	9.58976e+21 	0 	0 	0 	1 	0 	0 	1 	0.5 	0 	0 	
745.464 	100 	1.98427e+22 	9.71935e+21 	0 	0 	0 	1 	0 	0 	1 	0.5 	0 	0 	
750.434 	100 	2.0109e+22 	9.84981e+21 	0 	0 	0 	1 	0 	0 	1 	0.5 	0 	0 	
755.403 	100 	2.03771e+22 	9.98114e+21 	0 	0 	0 	1 	0 	0 	1 	0.5 	0 	0 	
760.373 	100 	2.0647e+22 	1.01133e+22 	0 	0 	0 	1 	0 	0 	1 	0.5 	0 	0 	
765.343 	100 	2.09187e+22 	1.02464e+22 	0 	0 	0 	1 	0 	0 	1 	0.5 	0 	0 	
770.313 	100 	2.11921e+22 	1.03803e+22 	0 	0 	0 	1 	0 	0 	1 	0.5 	0 	0 	
775.282 	100 	2.14673e+22 	1.05151e+22 	0 	0 	0 	1 	0 	0 	1 	0.5 	0 	0 	
780.252 	100 	2.17443e+22 	1.06508e+22 	0 	0 	0 	1 	0 	0 	1 	0.5 	0 	0 	
785.222 	100 	2.20231e+22 	1.07874e+22 	0 	0 	0 	1 	0 	0 	1 	0.5 	0 	0 	
790.192 	100 	2.23036e+22 	1.09248e+22 	0 	0 	0 	1 	0 	0 	1 	0.5 	0 	0 	
795.161 	100 	2.2586e+22 	1.10631e+22 	0 	0 	0 	1 	0 	0 	1 	0.5 	0 	0 	
800.131 	100 	2.28701e+22 	1.12022e+22 	0 	0 	0 	1 	0 	0 	1 	0.5 	0 	0 	
805.101 	100 	2.31559e+22 	1.13423e+22 	0 	0 	0 	1 	0 	0 	1 	0.5 	0 	0 	
810.071 	100 	2.34436e+22 	1.14832e+22 	0 	0 	0 	1 	0 	0 	1 	0.5 	0 	0 	
815.04 	100 	2.3733e+22 	1.16249e+22 	0 	0 	0 	1 	0 	0 	1 	0.5 	0 	0 	
820.01 	100 	2.40242e+22 	1.17676e+22 	0 	0 	0 	1 	0 	0 	1 	0.5 	0 	0 	
824.98 	100 	2.43172e+22 	1.19111e+22 	0 	0 	0 	1 	0 	0 	1 	0.5 	0 	0 	
829.95 	100 	2.46119e+22 	1.20554e+22 	0 	0 	0 	1 	0 	0 	1 	0.5 	0 	0 	
834.919 	100 	2.49085e+22 	1.22007e+22 	0 	0 	0 	1 	0 	0 	1 	0.5 	0 	0 	
839.889 	100 	2.52068e+22 	1.23468e+22 	0 	0 	0 	1 	0 	0 	1 	0.5 	0 	0 	
844.859 	100 	2.55068e+22 	1.24938e+22 	0 	0 	0 	1 	0 	0 	1 	0.5 	0 	0 	
849.829 	100 	2.58087e+22 	1.26416e+22 	0 	0 	0 	1 	0 	0 	1 	0.5 	0 	0 	
854.798 	100 	2.61123e+22 	1.27904e+22 	0 	0 	0 	1 	0 	0 	1 	0.5 	0 	0 	
859.768 	100 	2.64177e+22 	1.29399e+22 	0 	0 	0 	1 	0 	0 	1 	0.5 	0 	0 	
864.738 	100 	2.67249e+22 	1.30904e+22 	0 	0 	0 	1 	0 	0 	1 	0.5 	0 	0 	
869.708 	100 	2.70338e+22 	1.32417e+22 	0 	0 	0 	1 	0 	0 	1 	0.5 	0 	0 	
874.678 	100 	2.73446e+22 	1.33939e+22 	0 	0 	0 	1 	0 	0 	1 	0.5 	0 	0 	
879.647 	100 	2.76571e+22 	1.3547e+22 	0 	0 	0 	1 	0 	0 	1 	0.5 	0 	0 	
884.617 	100 	2.79714e+22 	1.3701e+22 	0 	0 	0 	1 	0 	0 	1 	0.5 	0 	0 	
889.587 	100 	2.82874e+22 	1.38558e+22 	0 	0 	0 	1 	0 	0 	1 	0.5 	0 	0 	
894.557 	100 	2.86053e+22 	1.40115e+22 	0 	0 	0 	1 	0 	0 	1 	0.5 	0 	0 	
899.526 	100 	2.89249e+22 	1.4168e+22 	0 	0 	0 	1 	0 	0 	1 	0.5 	0 	0 	
904.496 	100 	2.92462e+22 	1.43254e+22 	0 	0 	0 	1 	0 	0 	1 	0.5 	0 	0 	
909.466 	100 	2.95694e+22 	1.44837e+22 	0 	0 	0 	1 	0 	0 	1 	0.5 	0 	0 	
914.436 	100 	2.98943e+22 	1.46429e+22 	0 	0 	0 	1 	0 	0 	1 	0.5 	0 	0 	
919.405 	100 	3.02211e+22 	1.48029e+22 	0 	0 	0 	1 	0 	0 	1 	0.5 	0 	0 	
924.375 	100 	3.05495e+22 	1.49638e+22 	0 	0 	0 	1 	0 	0 	1 	0.5 	0 	0 	
929.345 	100 	3.08798e+22 	1.51256e+22 	0 	0 	0 	1 	0 	0 	1 	0.5 	0 	0 	
934.315 	100 	3.12118e+22 	1.52882e+22 	0 	0 	0 	1 	0 	0 	1 	0.5 	0 	0 	
939.284 	100 	3.15457e+22 	1.54517e+22 	0 	0 	0 	1 	0 	0 	1 	0.5 	0 	0 	
944.254 	100 	3.18812e+22 	1.56161e+22 	0 	0 	0 	1 	0 	0 	1 	0.5 	0 	0 	
949.224 	100 	3.22186e+22 	1.57813e+22 	0 	0 	0 	1 	0 	0 	1 	0.5 	0 	0 	
954.194 	100 	3.25577e+22 	1.59475e+22 	0 	0 	0 	1 	0 	0 	1 	0.5 	0 	0 	
959.163 	100 	3.28987e+22 	1.61145e+22 	0 	0 	0 	1 	0 	0 	1 	0.5 	0 	0 	
964.133 	100 	3.32414e+22 	1.62823e+22 	0 	0 	0 	1 	0 	0 	1 	0.5 	0 	0 	
969.103 	100 	3.35858e+22 	1.6451e+22 	0 	0 	0 	1 	0 	0 	1 	0.5 	0 	0 	
974.073 	100 	3.39321e+22 	1.66206e+22 	0 	0 	0 	1 	0 	0 	1 	0.5 	0 	0 	
979.042 	100 	3.42801e+22 	1.67911e+22 	0 	0 	0 	1 	0 	0 	1 	0.5 	0 	0 	
984.012 	100 	3.46299e+22 	1.69624e+22 	0 	0 	0 	1 	0 	0 	1 	0.5 	0 	0 	
988.982 	100 	3.49814e+22 	1.71346e+22 	0 	0 	0 	1 	0 	0 	1 	0.5 	0 	0 	
993.952 	100 	3.53348e+22 	1.73077e+22 	0 	0 	0 	1 	0 	0 	1 	0.5 	0 	0 	
3.9445 	118.689 	2.95934e+17 	1.44955e+17 	0 	0 	0 	1 	0 	2.86259 	1 	0 	0 	0 	
7.889 	118.69 	2.07154e+18 	1.01468e+18 	0 	0 	0 	1 	0 	2.86257 	1 	0 	0 	1210.66 	
11.8335 	118.691 	5.62274e+18 	2.75414e+18 	0 	0 	0 	1 	0 	2.86257 	1 	0 	0 	3160.97 	
15.778 	118.691 	1.09495e+19 	5.36332e+18 	0 	0 	0 	1 	0 	2.86257 	1 	0 	0 	6066.1 	
19.7225 	118.691 	1.8052e+19 	8.84223e+18 	0 	0 	0 	1 	0 	2.86257 	1 	0 	0 	9961.7 	
23.667 	118.69 	2.693e+19 	1.31909e+19 	0 	0 	0 	1 	0 	2.86257 	1 	0 	0 	14835 	
27.6115 	118.69 	3.75836e+19 	1.84092e+19 	0 	0 	0 	1 	0 	2.86257 	1 	0 	0 	20678.5 	
31.556 	118.69 	5.00128e+19 	2.44973e+19 	0 	0 	0 	1 	0 	2.86257 	1 	0 	0 	27486.4 	
35.5005 	118.69 	6.42176e+19 	3.14551e+19 	0 	0 	0 	1 	0 	2.86257 	1 	0 	0 	35252.8 	
39.445 	118.69 	8.01981e+19 	3.92827e+19 	0 	0 	0 	1 	0 	2.86258 	1 	0 	0 	43971.5 	
43.3895 	118.69 	9.79541e+19 	4.798e+19 	0 	0 	0 	1 	0 	2.86258 	1 	0 	0 	53635.6 	
47.334 	118.69 	1.17486e+20 	5.7547e+19 	0 	0 	0 	1 	0 	2.86258 	1 	0 	0 	64237.5 	
51.2785 	118.69 	1.38793e+20 	6.79837e+19 	0 	0 	0 	1 	0 	2.86258 	1 	0 	0 	75769.6 	
55.223 	118.69 	1.61876e+20 	7.92901e+19 	0 	0 	0 	1 	0 	2.86259 	1 	0 	0 	88222.5 	
59.1675 	118.689 	1.86734e+20 	9.14663e+19 	0 	0 	0 	1 	0 	2.86259 	1 	0 	0 	101587 	
63.112 	118.689 	2.13368e+20 	1.04512e+20 	0 	0 	0 	1 	0 	2.86259 	1 	0 	0 	115854 	
67.0565 	118.689 	2.41778e+20 	1.18428e+20 	0 	0 	0 	1 	0 	2.8626 	1 	0 	0 	131010 	
71.001 	118.689 	2.71963e+20 	1.33213e+20 	0 	0 	0 	1 	0 	2.8626 	1 	0 	0 	147047 	
74.9455 	118.689 	3.03924e+20 	1.48868e+20 	0 	0 	0 	1 	0 	2.8626 	1 	0 	0 	163950 	
78.89 	118.688 	3.3766e+20 	1.65393e+20 	0 	0 	0 	1 	0 	2.86261 	1 	0 	0 	181708 	
82.8345 	118.688 	3.73172e+20 	1.82788e+20 	0 	0 	0 	1 	0 	2.86261 	1 	0 	0 	200306 	
86.779 	118.688 	4.1046e+20 	2.01052e+20 	0 	0 	0 	1 	0 	2.86262 	1 	0 	0 	219732 	
90.7235 	118.688 	4.49523e+20 	2.20186e+20 	0 	0 	0 	1 	0 	2.86262 	1 	0 	0 	239969 	
94.668 	118.687 	4.90362e+20 	2.4019e+20 	0 	0 	0 	1 	0 	2.86263 	1 	0 	0 	261004 	
98.6125 	118.687 	5.32977e+20 	2.61063e+20 	0 	0 	0 	1 	0 	2.86263 	1 	0 	0 	282819 	
102.557 	118.687 	5.77367e+20 	2.82806e+20 	0 	0 	0 	1 	0 	2.86264 	1 	0 	0 	305399 	
106.501 	118.687 	6.23532e+20 	3.05419e+20 	0 	0 	0 	1 	0 	2.86264 	1 	0 	0 	328726 	
110.446 	118.686 	6.71474e+20 	3.28902e+20 	0 	0 	0 	1 	0 	2.86265 	1 	0 	0 	352783 	
114.39 	118.686 	7.21191e+20 	3.53254e+20 	0 	0 	0 	1 	0 	2.86265 	1 	0 	0 	377551 	
118.335 	118.686 	7.72683e+20 	3.78476e+20 	0 	0 	0 	1 	0 	2.86266 	1 	0 	0 	403011 	
122.279 	118.685 	8.25951e+20 	4.04568e+20 	0 	0 	0 	1 	0 	2.86266 	1 	0 	0 	429145 	
126.224 	118.685 	8.80995e+20 	4.3153e+20 	0 	0 	0 	1 	0 	2.86267 	1 	0 	0 	455932 	
130.168 	118.684 	9.37814e+20 	4.59361e+20 	0 	0 	0 	1 	0 	2.86268 	1 	0 	0 	483351 	
134.113 	118.684 	9.96409e+20 	4.88062e+20 	0 	0 	0 	1 	0 	2.86268 	1 	0 	0 	511383 	
138.057 	118.684 	1.05678e+21 	5.17633e+20 	0 	0 	0 	1 	0 	2.86269 	1 	0 	0 	540006 	
142.002 	118.683 	1.11893e+21 	5.48073e+20 	0 	0 	0 	1 	0 	2.8627 	1 	0 	0 	569196 	
145.946 	118.683 	1.18285e+21 	5.79383e+20 	0 	0 	0 	1 	0 	2.86271 	1 	0 	0 	598934 	
149.891 	118.683 	1.24854e+21 	6.11563e+20 	0 	0 	0 	1 	0 	2.86271 	1 	0 	0 	629193 	
153.835 	118.682 	1.31602e+21 	6.44613e+20 	0 	0 	0 	1 	0 	2.86272 	1 	0 	0 	659953 	
157.78 	118.682 	1.38527e+21 	6.78532e+20 	0 	0 	0 	1 	0 	2.86273 	1 	0 	0 	691191 	
161.724 	118.681 	1.45629e+21 	7.13321e+20 	0 	0 	0 	1 	0 	2.86274 	1 	0 	0 	722880 	
165.669 	118.681 	1.52909e+21 	7.4898e+20 	0 	0 	0 	1 	0 	2.86274 	1 	0 	0 	754999 	
169.613 	118.68 	1.60367e+21 	7.85509e+20 	0 	0 	0 	1 	0 	2.86275 	1 	0 	0 	787519 	
173.558 	118.68 	1.68002e+21 	8.22907e+20 	0 	0 	0 	1 	0 	2.86276 	1 	0 	0 	820419 	
177.502 	118.679 	1.75814e+21 	8.61175e+20 	0 	0 	0 	1 	0 	2.86277 	1 	0 	0 	853670 	
181.447 	118.679 	1.83804e+21 	9.00313e+20 	0 	0 	0 	1 	0 	2.86278 	1 	0 	0 	887247 	
185.391 	118.678 	1.91972e+21 	9.4032e+20 	0 	0 	0 	1 	0 	2.86279 	1 	0 	0 	921124 	
189.336 	118.678 	2.00318e+21 	9.81197e+20 	0 	0 	0 	1 	0 	2.8628 	1 	0 	0 	955278 	
193.28 	118.677 	2.0884e+21 	1.02294e+21 	0 	0 	0 	1 	0 	2.86281 	1 	0 	0 	989677 	
197.225 	118.677 	2.17541e+21 	1.06556e+21 	0 	0 	0 	1 	0 	2.86282 	1 	0 	0 	1.0243e+06 	
201.169 	118.676 	2.26419e+21 	1.10905e+21 	0 	0 	0 	1 	0 	2.86283 	1 	0 	0 	1.05911e+06 	
205.114 	118.676 	2.35475e+21 	1.1534e+21 	0 	0 	0 	1 	0 	2.86284 	1 	0 	0 	1.09409e+06 	
209.058 	118.675 	2.44708e+21 	1.19863e+21 	0 	0 	0 	1 	0 	2.86285 	1 	0 	0 	1.12921e+06 	
213.003 	118.675 	2.54118e+21 	1.24472e+21 	0 	0 	0 	1 	0 	2.86286 	1 	0 	0 	1.16443e+06 	
216.947 	118.674 	2.63707e+21 	1.29169e+21 	0 	0 	0 	1 	0 	2.86287 	1 	0 	0 	1.19974e+06 	
220.892 	118.673 	2.73472e+21 	1.33953e+21 	0 	0 	0 	1 	0 	2.86288 	1 	0 	0 	1.23511e+06 	
224.836 	118.673 	2.83416e+21 	1.38823e+21 	0 	0 	0 	1 	0 	2.86289 	1 	0 	0 	1.2705e+06 	
228.781 	118.672 	2.93537e+21 	1.4378e+21 	0 	0 	0 	1 	0 	2.8629 	1 	0 	0 	1.30589e+06 	
232.725 	118.672 	3.03835e+21 	1.48825e+21 	0 	0 	0 	1 	0 	2.86291 	1 	0 	0 	1.34124e+06 	
236.67 	118.671 	3.14311e+21 	1.53956e+21 	0 	0 	0 	1 	0 	2.86292 	1 	0 	0 	1.37654e+06 	
240.614 	118.67 	3.24965e+21 	1.59175e+21 	0 	0 	0 	1 	0 	2.86293 	1 	0 	0 	1.41175e+06 	
244.559 	118.67 	3.35796e+21 	1.6448e+21 	0 	0 	0 	1 	0 	2.86294 	1 	0 	0 	1.44685e+06 	
248.503 	118.669 	3.46805e+21 	1.69872e+21 	0 	0 	0 	1 	0 	2.86295 	1 	0 	0 	1.4818e+06 	
252.448 	118.669 	3.57991e+21 	1.75352e+21 	0 	0 	0 	1 	0 	2.86296 	1 	0 	0 	1.51658e+06 	
256.392 	118.668 	3.69355e+21 	1.80918e+21 	0 	0 	0 	1 	0 	2.86298 	1 	0 	0 	1.55115e+06 	
260.337 	118.667 	3.80896e+21 	1.86571e+21 	0 	0 	0 	1 	0 	2.86299 	1 	0 	0 	1.5855e+06 	
264.281 	118.667 	3.92615e+21 	1.92311e+21 	0 	0 	0 	1 	0 	2.863 	1 	0 	0 	1.61959e+06 	
268.226 	118.666 	4.04512e+21 	1.98138e+21 	0 	0 	0 	1 	0 	2.86301 	1 	0 	0 	1.65339e+06 	
272.17 	118.665 	4.16586e+21 	2.04053e+21 	0 	0 	0 	1 	0 	2.86302 	1 	0 	0 	1.68688e+06 	
276.115 	118.665 	4.28838e+21 	2.10054e+21 	0 	0 	0 	1 	0 	2.86304 	1 	0 	0 	1.72003e+06 	
280.059 	118.664 	4.41267e+21 	2.16142e+21 	0 	0 	0 	1 	0 	2.86305 	1 	0 	0 	1.7528e+06 	
284.004 	118.663 	4.53874e+21 	2.22317e+21 	0 	0 	0 	1 	0 	2.86306 	1 	0 	0 	1.78518e+06 	
287.948 	118.663 	4.66658e+21 	2.28579e+21 	0 	0 	0 	1 	0 	2.86307 	1 	0 	0 	1.81714e+06 	
291.893 	118.662 	4.7962e+21 	2.34928e+21 	0 	0 	0 	1 	0 	2.86309 	1 	0 	0 	1.84864e+06 	
295.837 	118.661 	4.92759e+21 	2.41364e+21 	0 	0 	0 	1 	0 	2.8631 	1 	0 	0 	1.87966e+06 	
299.782 	118.66 	5.06076e+21 	2.47887e+21 	0 	0 	0 	1 	0 	2.86311 	1 	0 	0 	1.91018e+06 	
303.726 	118.66 	5.19571e+21 	2.54497e+21 	0 	0 	0 	1 	0 	2.86312 	1 	0 	0 	1.94017e+06 	
307.671 	118.659 	5.33243e+21 	2.61194e+21 	0 	0 	0 	1 	0 	2.86314 	1 	0 	0 	1.96961e+06 	
311.615 	118.658 	5.47093e+21 	2.67978e+21 	0 	0 	0 	1 	0 	2.86315 	1 	0 	0 	1.99845e+06 	
315.56 	118.658 	5.6112e+21 	2.74848e+21 	0 	0 	0 	1 	0 	2.86316 	1 	0 	0 	2.02669e+06 	
319.504 	118.657 	5.75325e+21 	2.81806e+21 	0 	0 	0 	1 	0 	2.86318 	1 	0 	0 	2.0543e+06 	
323.449 	118.656 	5.89707e+21 	2.88851e+21 	0 	0 	0 	1 	0 	2.86319 	1 	0 	0 	2.08125e+06 	
327.393 	118.655 	6.04267e+21 	2.95983e+21 	0 	0 	0 	1 	0 	2.8632 	1 	0 	0 	2.10752e+06 	
331.338 	118.655 	6.19005e+21 	3.03201e+21 	0 	0 	0 	1 	0 	2.86322 	1 	0 	0 	2.13308e+06 	
335.282 	118.654 	6.3392e+21 	3.10507e+21 	0 	0 	0 	1 	0 	2.86323 	1 	0 	0 	2.15792e+06 	
339.227 	118.653 	6.49012e+21 	3.179e+21 	0 	0 	0 	1 	0 	2.86324 	1 	0 	0 	2.18201e+06 	
343.171 	118.652 	6.64283e+21 	3.2538e+21 	0 	0 	0 	1 	0 	2.86326 	1 	0 	0 	2.20533e+06 	
347.116 	118.652 	6.7973e+21 	3.32946e+21 	0 	0 	0 	1 	0 	2.86327 	1 	0 	0 	2.22784e+06 	
351.06 	118.651 	6.95356e+21 	3.406e+21 	0 	0 	0 	1 	0 	2.86328 	1 	0 	0 	2.24955e+06 	
355.005 	118.65 	7.11158e+21 	3.4834e+21 	0 	0 	0 	1 	0 	2.8633 	1 	0 	0 	2.27042e+06 	
358.949 	118.649 	7.27139e+21 	3.56168e+21 	0 	0 	0 	1 	0 	2.86331 	1 	0 	0 	2.29044e+06 	
362.894 	118.649 	7.43297e+21 	3.64082e+21 	0 	0 	0 	1 	0 	2.86332 	1 	0 	0 	2.30958e+06 	
366.838 	118.648 	7.59632e+21 	3.72084e+21 	0 	0 	0 	1 	0 	2.86334 	1 	0 	0 	2.32783e+06 	
370.783 	118.647 	7.76146e+21 	3.80172e+21 	0 	0 	0 	1 	0 	2.86335 	1 	0 	0 	2.34516e+06 	
374.727 	118.646 	7.92836e+21 	3.88348e+21 	0 	0 	0 	1 	0 	2.86337 	1 	0 	0 	2.36157e+06 	
378.672 	118.646 	8.09704e+21 	3.9661e+21 	0 	0 	0 	1 	0 	2.86338 	1 	0 	0 	2.37703e+06 	
382.616 	118.645 	8.2675e+21 	4.0496e+21 	0 	0 	0 	1 	0 	2.86339 	1 	0 	0 	2.39154e+06 	
386.561 	118.644 	8.43974e+21 	4.13396e+21 	0 	0 	0 	1 	0 	2.86341 	1 	0 	0 	2.40506e+06 	
390.505 	118.643 	8.61374e+21 	4.21919e+21 	0 	0 	0 	1 	0 	2.86342 	1 	0 	0 	2.41761e+06 	
394.45 	118.642 	8.78953e+21 	4.3053e+21 	0 	0 	0 	1 	0 	2.86344 	1 	0 	0 	2.42914e+06 	
398.394 	118.642 	8.96709e+21 	4.39227e+21 	0 	0 	0 	1 	0 	2.86345 	1 	0 	0 	2.43965e+06 	
402.339 	118.641 	9.14643e+21 	4.48011e+21 	0 	0 	0 	1 	0 	2.86346 	1 	0 	0 	2.44914e+06 	
406.283 	118.64 	9.32754e+21 	4.56882e+21 	0 	0 	0 	1 	0 	2.86348 	1 	0 	0 	2.45759e+06 	
410.228 	118.639 	9.51042e+21 	4.6584e+21 	0 	0 	0 	1 	0 	2.86349 	1 	0 	0 	2.46499e+06 	
414.172 	118.639 	9.69509e+21 	4.74886e+21 	0 	0 	0 	1 	0 	2.86351 	1 	0 	0 	2.47133e+06 	
418.117 	118.638 	9.88152e+21 	4.84018e+21 	0 	0 	0 	1 	0 	2.86352 	1 	0 	0 	2.4766e+06 	
422.061 	118.637 	1.00697e+22 	4.93237e+21 	0 	0 	0 	1 	0 	2.86353 	1 	0 	0 	2.48079e+06 	
426.006 	118.636 	1.02597e+22 	5.02543e+21 	0 	0 	0 	1 	0 	2.86355 	1 	0 	0 	2.4839e+06 	
429.95 	118.635 	1.04515e+22 	5.11936e+21 	0 	0 	0 	1 	0 	2.86356 	1 	0 	0 	2.48592e+06 	
433.895 	118.635 	1.0645e+22 	5.21416e+21 	0 	0 	0 	1 	0 	2.86358 	1 	0 	0 	2.48685e+06 	
437.839 	118.634 	1.08404e+22 	5.30983e+21 	0 	0 	0 	1 	0 	2.86359 	1 	0 	0 	2.48667e+06 	
441.784 	118.633 	1.10374e+22 	5.40637e+21 	0 	0 	0 	1 	0 	2.8636 	1 	0 	0 	2.4854e+06 	
445.728 	118.632 	1.12363e+22 	5.50378e+21 	0 	0 	0 	1 	0 	2.86362 	1 	0 	0 	2.48301e+06 	
449.673 	118.632 	1.1437e+22 	5.60206e+21 	0 	0 	0 	1 	0 	2.86363 	1 	0 	0 	2.47953e+06 	
453.617 	118.631 	1.16394e+22 	5.70121e+21 	0 	0 	0 	1 	0 	2.86365 	1 	0 	0 	2.47493e+06 	
457.562 	118.63 	1.18436e+22 	5.80123e+21 	0 	0 	0 	1 	0 	2.86366 	1 	0 	0 	2.46923e+06 	
461.506 	118.629 	1.20495e+22 	5.90212e+21 	0 	0 	0 	1 	0 	2.86367 	1 	0 	0 	2.46242e+06 	
465.451 	118.629 	1.22573e+22 	6.00387e+21 	0 	0 	0 	1 	0 	2.86369 	1 	0 	0 	2.45451e+06 	
469.395 	118.628 	1.24668e+22 	6.1065e+21 	0 	0 	0 	1 	0 	2.8637 	1 	0 	0 	2.4455e+06 	
473.34 	118.627 	1.26781e+22 	6.21e+21 	0 	0 	0 	1 	0 	2.86372 	1 	0 	0 	2.4354e+06 	
477.284 	118.626 	1.28912e+22 	6.31437e+21 	0 	0 	0 	1 	0 	2.86373 	1 	0 	0 	2.42421e+06 	
481.229 	118.626 	1.3106e+22 	6.4196e+21 	0 	0 	0 	1 	0 	2.86374 	1 	0 	0 	2.41193e+06 	
485.173 	118.625 	1.33226e+22 	6.52571e+21 	0 	0 	0 	1 	0 	2.86376 	1 	0 	0 	2.39858e+06 	
489.118 	118.624 	1.3541e+22 	6.63269e+21 	0 	0 	0 	1 	0 	2.86377 	1 	0 	0 	2.38416e+06 	
493.062 	118.623 	1.37612e+22 	6.74053e+21 	0 	0 	0 	1 	0 	2.86378 	1 	0 	0 	2.36869e+06 	
497.007 	118.623 	1.39832e+22 	6.84925e+21 	0 	0 	0 	1 	0 	2.8638 	1 	0 	0 	2.35217e+06 	
500.951 	118.622 	1.42069e+22 	6.95883e+21 	0 	0 	0 	1 	0 	2.86381 	1 	0 	0 	2.33461e+06 	
504.896 	118.621 	1.44324e+22 	7.06929e+21 	0 	0 	0 	1 	0 	2.86382 	1 	0 	0 	2.31604e+06 	
508.84 	118.62 	1.46597e+22 	7.18061e+21 	0 	0 	0 	1 	0 	2.86384 	1 	0 	0 	2.29645e+06 	
512.785 	118.62 	1.48887e+22 	7.29281e+21 	0 	0 	0 	1 	0 	2.86385 	1 	0 	0 	2.27587e+06 	
516.729 	118.619 	1.51196e+22 	7.40587e+21 	0 	0 	0 	1 	0 	2.86386 	1 	0 	0 	2.25431e+06 	
520.674 	118.618 	1.53522e+22 	7.51981e+21 	0 	0 	0 	1 	0 	2.86388 	1 	0 	0 	2.23179e+06 	
524.618 	118.617 	1.55865e+22 	7.63461e+21 	0 	0 	0 	1 	0 	2.86389 	1 	0 	0 	2.20832e+06 	
528.563 	118.617 	1.58227e+22 	7.75029e+21 	0 	0 	0 	1 	0 	2.8639 	1 	0 	0 	2.18393e+06 	
532.507 	118.616 	1.60606e+22 	7.86683e+21 	0 	0 	0 	1 	0 	2.86391 	1 	0 	0 	2.15864e+06 	
536.452 	118.615 	1.63003e+22 	7.98424e+21 	0 	0 	0 	1 	0 	2.86393 	1 	0 	0 	2.13245e+06 	
540.396 	118.615 	1.65418e+22 	8.10253e+21 	0 	0 	0 	1 	0 	2.86394 	1 	0 	0 	2.1054e+06 	
544.341 	118.614 	1.67851e+22 	8.22168e+21 	0 	0 	0 	1 	0 	2.86395 	1 	0 	0 	2.07752e+06 	
548.285 	118.613 	1.70301e+22 	8.3417e+21 	0 	0 	0 	1 	0 	2.86396 	1 	0 	0 	2.04881e+06 	
552.23 	118.613 	1.72769e+22 	8.46259e+21 	0 	0 	0 	1 	0 	2.86398 	1 	0 	0 	2.01932e+06 	
556.174 	118.612 	1.75255e+22 	8.58435e+21 	0 	0 	0 	1 	0 	2.86399 	1 	0 	0 	1.98906e+06 	
560.119 	118.611 	1.77759e+22 	8.70699e+21 	0 	0 	0 	1 	0 	2.864 	1 	0 	0 	1.95805e+06 	
564.063 	118.611 	1.8028e+22 	8.83049e+21 	0 	0 	0 	1 	0 	2.86401 	1 	0 	0 	1.92633e+06 	
568.008 	118.61 	1.82819e+22 	8.95486e+21 	0 	0 	0 	1 	0 	2.86402 	1 	0 	0 	1.89393e+06 	
571.952 	118.609 	1.85376e+22 	9.0801e+21 	0 	0 	0 	1 	0 	2.86403 	1 	0 	0 	1.86086e+06 	
575.897 	118.609 	1.87951e+22 	9.20621e+21 	0 	0 	0 	1 	0 	2.86405 	1 	0 	0 	1.82717e+06 	
579.841 	118.608 	1.90543e+22 	9.33319e+21 	0 	0 	0 	1 	0 	2.86406 	1 	0 	0 	1.79288e+06 	
583.786 	118.608 	1.93153e+22 	9.46104e+21 	0 	0 	0 	1 	0 	2.86407 	1 	0 	0 	1.75803e+06 	
587.73 	118.607 	1.95781e+22 	9.58976e+21 	0 	0 	0 	1 	0 	2.86408 	1 	0 	0 	1.72264e+06 	
591.675 	118.606 	1.98427e+22 	9.71935e+21 	0 	0 	0 	1 	0 	2.86409 	1 	0 	0 	1.68675e+06 	
595.619 	118.606 	2.0109e+22 	9.84981e+21 	0 	0 	0 	1 	0 	2.8641 	1 	0 	0 	1.65039e+06 	
599.564 	118.605 	2.03771e+22 	9.98114e+21 	0 	0 	0 	1 	0 	2.86411 	1 	0 	0 	1.6136e+06 	
603.508 	118.605 	2.0647e+22 	1.01133e+22 	0 	0 	0 	1 	0 	2.86412 	1 	0 	0 	1.5764e+06 	
607.453 	118.604 	2.09187e+22 	1.02464e+22 	0 	0 	0 	1 	0 	2.86413 	1 	0 	0 	1.53885e+06 	
611.397 	118.603 	2.11921e+22 	1.03803e+22 	0 	0 	0 	1 	0 	2.86414 	1 	0 	0 	1.50096e+06 	
615.342 	118.603 	2.14673e+22 	1.05151e+22 	0 	0 	0 	1 	0 	2.86415 	1 	0 	0 	1.46278e+06 	
619.286 	118.602 	2.17443e+22 	1.06508e+22 	0 	0 	0 	1 	0 	2.86416 	1 	0 	0 	1.42435e+06 	
623.231 	118.602 	2.20231e+22 	1.07874e+22 	0 	0 	0 	1 	0 	2.86417 	1 	0 	0 	1.38569e+06 	
627.175 	118.601 	2.23036e+22 	1.09248e+22 	0 	0 	0 	1 	0 	2.86418 	1 	0 	0 	1.34686e+06 	
631.12 	118.601 	2.2586e+22 	1.10631e+22 	0 	0 	0 	1 	0 	2.86419 	1 	0 	0 	1.30788e+06 	
635.064 	118.6 	2.28701e+22 	1.12022e+22 	0 	0 	0 	1 	0 	2.8642 	1 	0 	0 	1.26878e+06 	
639.009 	118.6 	2.31559e+22 	1.13423e+22 	0 	0 	0 	1 	0 	2.86421 	1 	0 	0 	1.22963e+06 	
642.953 	118.599 	2.34436e+22 	1.14832e+22 	0 	0 	0 	1 	0 	2.86422 	1 	0 	0 	1.19044e+06 	
646.898 	118.599 	2.3733e+22 	1.16249e+22 	0 	0 	0 	1 	0 	2.86423 	1 	0 	0 	1.15126e+06 	
650.842 	118.598 	2.40242e+22 	1.17676e+22 	0 	0 	0 	1 	0 	2.86424 	1 	0 	0 	1.11212e+06 	
654.787 	118.598 	2.43172e+22 	1.19111e+22 	0 	0 	0 	1 	0 	2.86424 	1 	0 	0 	1.07307e+06 	
658.731 	118.597 	2.46119e+22 	1.20554e+22 	0 	0 	0 	1 	0 	2.86425 	1 	0 	0 	1.03414e+06 	
662.676 	118.597 	2.49085e+22 	1.22007e+22 	0 	0 	0 	1 	0 	2.86426 	1 	0 	0 	995365 	
666.62 	118.596 	2.52068e+22 	1.23468e+22 	0 	0 	0 	1 	0 	2.86427 	1 	0 	0 	956787 	
670.565 	118.596 	2.55068e+22 	1.24938e+22 	0 	0 	0 	1 	0 	2.86428 	1 	0 	0 	918444 	
674.509 	118.596 	2.58087e+22 	1.26416e+22 	0 	0 	0 	1 	0 	2.86428 	1 	0 	0 	880371 	
678.454 	118.595 	2.61123e+22 	1.27904e+22 	0 	0 	0 	1 	0 	2.86429 	1 	0 	0 	842600 	
682.398 	118.595 	2.64177e+22 	1.29399e+22 	0 	0 	0 	1 	0 	2.8643 	1 	0 	0 	805172 	
686.343 	118.594 	2.67249e+22 	1.30904e+22 	0 	0 	0 	1 	0 	2.86431 	1 	0 	0 	768118 	
690.287 	118.594 	2.70338e+22 	1.32417e+22 	0 	0 	0 	1 	0 	2.86431 	1 	0 	0 	731473 	
694.232 	118.594 	2.73446e+22 	1.33939e+22 	0 	0 	0 	1 	0 	2.86432 	1 	0 	0 	695267 	
698.176 	118.593 	2.76571e+22 	1.3547e+22 	0 	0 	0 	1 	0 	2.86433 	1 	0 	0 	659532 	
702.121 	118.593 	2.79714e+22 	1.3701e+22 	0 	0 	0 	1 	0 	2.86433 	1 	0 	0 	624299 	
706.065 	118.593 	2.82874e+22 	1.38558e+22 	0 	0 	0 	1 	0 	2.86434 	1 	0 	0 	589596 	
710.01 	118.592 	2.86053e+22 	1.40115e+22 	0 	0 	0 	1 	0 	2.86434 	1 	0 	0 	555450 	
713.954 	118.592 	2.89249e+22 	1.4168e+22 	0 	0 	0 	1 	0 	2.86435 	1 	0 	0 	521886 	
717.899 	118.591 	2.92462e+22 	1.43254e+22 	0 	0 	0 	1 	0 	2.86436 	1 	0 	0 	488923 	
722.044 	118.591 	2.95694e+22 	1.44837e+22 	0 	0 	0 	1 	0 	2.77927 	1 	0.0485901 	0 	483849 	
726.411 	118.59 	2.98943e+22 	1.46429e+22 	0 	0 	0 	1 	0 	2.60873 	1 	0.0978225 	0 	478163 	
731.02 	118.589 	3.02211e+22 	1.48029e+22 	0 	0 	0 	1 	0 	2.36239 	1 	0.146491 	0 	471021 	
735.893 	118.588 	3.05495e+22 	1.49638e+22 	0 	0 	0 	1 	0 	2.05792 	1 	0.194339 	0 	462093 	
741.051 	118.585 	3.08798e+22 	1.51256e+22 	0 	0 	0 	1 	0 	1.72013 	1 	0.241031 	0 	450934 	
746.514 	118.578 	3.12118e+22 	1.52882e+22 	0 	0 	0 	1 	0 	1.3774 	1 	0.286148 	0 	436943 	
752.303 	118.562 	3.15457e+22 	1.54517e+22 	0 	0 	0 	1 	0 	1.05657 	1 	0.32921 	0 	419283 	
758.431 	118.524 	3.18812e+22 	1.56161e+22 	0 	0 	0 	1 	0 	0.777796 	1 	0.369743 	0 	396734 	
764.909 	118.431 	3.22186e+22 	1.57813e+22 	0 	0 	0 	1 	0 	0.551401 	1 	0.407376 	0 	367294 	
771.738 	118.195 	3.25577e+22 	1.59475e+22 	0 	0 	0 	1 	0 	0.379095 	1 	0.441702 	0 	327223 	
778.893 	117.605 	3.28987e+22 	1.61145e+22 	0 	0 	0 	1 	0 	0.259863 	1 	0.471189 	0 	269652 	
786.27 	116.203 	3.32414e+22 	1.62823e+22 	0 	0 	0 	1 	0 	0.194434 	1 	0.491384 	0 	187907 	
793.696 	113.212 	3.35858e+22 	1.6451e+22 	0 	0 	0 	1 	0 	0.175434 	1 	0.499022 	0 	94846.9 	
801.074 	107.737 	3.39321e+22 	1.66206e+22 	0 	0 	0 	1 	0 	0.179293 	1 	0.499978 	0 	28161.2 	
808.393 	99.1185 	3.42801e+22 	1.67911e+22 	0 	0 	0 	1 	0 	0.190998 	1 	0.5 	0 	3629.99 	
815.654 	87.2782 	3.46299e+22 	1.69624e+22 	0 	0 	0 	1 	0 	0.210754 	1 	0.5 	0 	125.131 	
822.86 	72.8443 	3.49814e+22 	1.71346e+22 	0 	0 	0 	1 	0 	0.243092 	1 	0.5 	0 	0.474984 	
830.012 	57 	3.53348e+22 	1.73077e+22 	0 	0 	0 	1 	0 	0.296613 	1 	0.5 	0 	0.46014 	
3.9445 	134.606 	2.95934e+17 	1.44955e+17 	0 	0 	0 	1 	0 	2.6074 	1 	0 	0 	0 	
7.889 	134.612 	2.07154e+18 	1.01468e+18 	0 	0 	0 	1 	0 	2.6073 	1 	0 	0 	6248.92 	
11.8335 	134.613 	5.62274e+18 	2.75414e+18 	0 	0 	0 	1 	0 	2.60729 	1 	0 	0 	16323.4 	
15.778 	134.613 	1.09495e+19 	5.36332e+18 	0 	0 	0 	1 	0 	2.6073 	1 	0 	0 	31327.7 	
19.7225 	134.613 	1.8052e+19 	8.84223e+18 	0 	0 	0 	1 	0 	2.6073 	1 	0 	0 	51445.2 	
23.667 	134.612 	2.693e+19 	1.31909e+19 	0 	0 	0 	1 	0 	2.60731 	1 	0 	0 	76609 	
27.6115 	134.612 	3.75836e+19 	1.84092e+19 	0 	0 	0 	1 	0 	2.60731 	1 	0 	0 	106779 	
31.556 	134.611 	5.00128e+19 	2.44973e+19 	0 	0 	0 	1 	0 	2.60732 	1 	0 	0 	141923 	
35.5005 	134.61 	6.42176e+19 	3.14551e+19 	0 	0 	0 	1 	0 	2.60733 	1 	0 	0 	182007 	
39.445 	134.61 	8.01981e+19 	3.92827e+19 	0 	0 	0 	1 	0 	2.60734 	1 	0 	0 	226999 	
43.3895 	134.609 	9.79541e+19 	4.798e+19 	0 	0 	0 	1 	0 	2.60735 	1 	0 	0 	276859 	
47.334 	134.608 	1.17486e+20 	5.7547e+19 	0 	0 	0 	1 	0 	2.60736 	1 	0 	0 	331546 	
51.2785 	134.607 	1.38793e+20 	6.79837e+19 	0 	0 	0 	1 	0 	2.60738 	1 	0 	0 	391015 	
55.223 	134.606 	1.61876e+20 	7.92901e+19 	0 	0 	0 	1 	0 	2.60739 	1 	0 	0 	455217 	
59.1675 	134.605 	1.86734e+20 	9.14663e+19 	0 	0 	0 	1 	0 	2.60741 	1 	0 	0 	524099 	
63.112 	134.604 	2.13368e+20 	1.04512e+20 	0 	0 	0 	1 	0 	2.60742 	1 	0 	0 	597605 	
67.0565 	134.603 	2.41778e+20 	1.18428e+20 	0 	0 	0 	1 	0 	2.60744 	1 	0 	0 	675674 	
71.001 	134.601 	2.71963e+20 	1.33213e+20 	0 	0 	0 	1 	0 	2.60746 	1 	0 	0 	758244 	
74.9455 	134.6 	3.03924e+20 	1.48868e+20 	0 	0 	0 	1 	0 	2.60748 	1 	0 	0 	845245 	
78.89 	134.599 	3.3766e+20 	1.65393e+20 	0 	0 	0 	1 	0 	2.6075 	1 	0 	0 	936610 	
82.8345 	134.597 	3.73172e+20 	1.82788e+20 	0 	0 	0 	1 	0 	2.60752 	1 	0 	0 	1.03226e+06 	
86.779 	134.595 	4.1046e+20 	2.01052e+20 	0 	0 	0 	1 	0 	2.60754 	1 	0 	0 	1.13212e+06 	
90.7235 	134.594 	4.49523e+20 	2.20186e+20 	0 	0 	0 	1 	0 	2.60757 	1 	0 	0 	1.23611e+06 	
94.668 	134.592 	4.90362e+20 	2.4019e+20 	0 	0 	0 	1 	0 	2.60759 	1 	0 	0 	1.34414e+06 	
98.6125 	134.59 	5.32977e+20 	2.61063e+20 	0 	0 	0 	1 	0 	2.60762 	1 	0 	0 	1.45613e+06 	
102.557 	134.588 	5.77367e+20 	2.82806e+20 	0 	0 	0 	1 	0 	2.60764 	1 	0 	0 	1.57198e+06 	
106.501 	134.586 	6.23532e+20 	3.05419e+20 	0 	0 	0 	1 	0 	2.60767 	1 	0 	0 	1.69161e+06 	
110.446 	134.584 	6.71474e+20 	3.28902e+20 	0 	0 	0 	1 	0 	2.6077 	1 	0 	0 	1.8149e+06 	
114.39 	134.582 	7.21191e+20 	3.53254e+20 	0 	0 	0 	1 	0 	2.60773 	1 	0 	0 	1.94178e+06 	
118.335 	134.58 	7.72683e+20 	3.78476e+20 	0 	0 	0 	1 	0 	2.60776 	1 	0 	0 	2.07212e+06 	
122.279 	134.578 	8.25951e+20 	4.04568e+20 	0 	0 	0 	1 	0 	2.60779 	1 	0 	0 	2.20582e+06 	
126.224 	134.576 	8.80995e+20 	4.3153e+20 	0 	0 	0 	1 	0 	2.60782 	1 	0 	0 	2.34278e+06 	
130.168 	134.573 	9.37814e+20 	4.59361e+20 	0 	0 	0 	1 	0 	2.60786 	1 	0 	0 	2.48289e+06 	
134.113 	134.571 	9.96409e+20 	4.88062e+20 	0 	0 	0 	1 	0 	2.60789 	1 	0 	0 	2.62602e+06 	
138.057 	134.569 	1.05678e+21 	5.17633e+20 	0 	0 	0 	1 	0 	2.60793 	1 	0 	0 	2.77208e+06 	
142.002 	134.566 	1.11893e+21 	5.48073e+20 	0 	0 	0 	1 	0 	2.60796 	1 	0 	0 	2.92093e+06 	
145.946 	134.563 	1.18285e+21 	5.79383e+20 	0 	0 	0 	1 	0 	2.608 	1 	0 	0 	3.07244e+06 	
149.891 	134.561 	1.24854e+21 	6.11563e+20 	0 	0 	0 	1 	0 	2.60804 	1 	0 	0 	3.22652e+06 	
153.835 	134.558 	1.31602e+21 	6.44613e+20 	0 	0 	0 	1 	0 	2.60808 	1 	0 	0 	3.38302e+06 	
157.78 	134.555 	1.38527e+21 	6.78532e+20 	0 	0 	0 	1 	0 	2.60812 	1 	0 	0 	3.54183e+06 	
161.724 	134.552 	1.45629e+21 	7.13321e+20 	0 	0 	0 	1 	0 	2.60816 	1 	0 	0 	3.70279e+06 	
165.669 	134.55 	1.52909e+21 	7.4898e+20 	0 	0 	0 	1 	0 	2.6082 	1 	0 	0 	3.86581e+06 	
169.613 	134.547 	1.60367e+21 	7.85509e+20 	0 	0 	0 	1 	0 	2.60824 	1 	0 	0 	4.03072e+06 	
173.558 	134.544 	1.68002e+21 	8.22907e+20 	0 	0 	0 	1 	0 	2.60828 	1 	0 	0 	4.19742e+06 	
177.502 	134.54 	1.75814e+21 	8.61175e+20 	0 	0 	0 	1 	0 	2.60833 	1 	0 	0 	4.36575e+06 	
181.447 	134.537 	1.83804e+21 	9.00313e+20 	0 	0 	0 	1 	0 	2.60837 	1 	0 	0 	4.53558e+06 	
185.391 	134.534 	1.91972e+21 	9.4032e+20 	0 	0 	0 	1 	0 	2.60842 	1 	0 	0 	4.70677e+06 	
189.336 	134.531 	2.00318e+21 	9.81197e+20 	0 	0 	0 	1 	0 	2.60846 	1 	0 	0 	4.87918e+06 	
193.28 	134.528 	2.0884e+21 	1.02294e+21 	0 	0 	0 	1 	0 	2.60851 	1 	0 	0 	5.05268e+06 	
197.225 	134.524 	2.17541e+21 	1.06556e+21 	0 	0 	0 	1 	0 	2.60856 	1 	0 	0 	5.22711e+06 	
201.169 	134.521 	2.26419e+21 	1.10905e+21 	0 	0 	0 	1 	0 	2.60861 	1 	0 	0 	5.40235e+06 	
205.114 	134.517 	2.35475e+21 	1.1534e+21 	0 	0 	0 	1 	0 	2.60866 	1 	0 	0 	5.57824e+06 	
209.058 	134.514 	2.44708e+21 	1.19863e+21 	0 	0 	0 	1 	0 	2.60871 	1 	0 	0 	5.75464e+06 	
213.003 	134.51 	2.54118e+21 	1.24472e+21 	0 	0 	0 	1 	0 	2.60876 	1 	0 	0 	5.93141e+06 	
216.947 	134.507 	2.63707e+21 	1.29169e+21 	0 	0 	0 	1 	0 	2.60881 	1 	0 	0 	6.10839e+06 	
220.892 	134.503 	2.73472e+21 	1.33953e+21 	0 	0 	0 	1 	0 	2.60886 	1 	0 	0 	6.28546e+06 	
224.836 	134.499 	2.83416e+21 	1.38823e+21 	0 	0 	0 	1 	0 	2.60891 	1 	0 	0 	6.46246e+06 	
228.781 	134.496 	2.93537e+21 	1.4378e+21 	0 	0 	0 	1 	0 	2.60897 	1 	0 	0 	6.63924e+06 	
232.725 	134.492 	3.03835e+21 	1.48825e+21 	0 	0 	0 	1 	0 	2.60902 	1 	0 	0 	6.81566e+06 	
236.67 	134.488 	3.14311e+21 	1.53956e+21 	0 	0 	0 	1 	0 	2.60907 	1 	0 	0 	6.99159e+06 	
240.614 	134.484 	3.24965e+21 	1.59175e+21 	0 	0 	0 	1 	0 	2.60913 	1 	0 	0 	7.16685e+06 	
244.559 	134.48 	3.35796e+21 	1.6448e+21 	0 	0 	0 	1 	0 	2.60919 	1 	0 	0 	7.34133e+06 	
248.503 	134.476 	3.46805e+21 	1.69872e+21 	0 	0 	0 	1 	0 	2.60924 	1 	0 	0 	7.51488e+06 	
252.448 	134.472 	3.57991e+21 	1.75352e+21 	0 	0 	0 	1 	0 	2.6093 	1 	0 	0 	7.68733e+06 	
256.392 	134.468 	3.69355e+21 	1.80918e+21 	0 	0 	0 	1 	0 	2.60936 	1 	0 	0 	7.85856e+06 	
260.337 	134.464 	3.80896e+21 	1.86571e+21 	0 	0 	0 	1 	0 	2.60942 	1 	0 	0 	8.02842e+06 	
264.281 	134.46 	3.92615e+21 	1.92311e+21 	0 	0 	0 	1 	0 	2.60947 	1 	0 	0 	8.19679e+06 	
268.226 	134.456 	4.04512e+21 	1.98138e+21 	0 	0 	0 	1 	0 	2.60953 	1 	0 	0 	8.3635e+06 	
272.17 	134.452 	4.16586e+21 	2.04053e+21 	0 	0 	0 	1 	0 	2.60959 	1 	0 	0 	8.52842e+06 	
276.115 	134.448 	4.28838e+21 	2.10054e+21 	0 	0 	0 	1 	0 	2.60965 	1 	0 	0 	8.69142e+06 	
280.059 	134.443 	4.41267e+21 	2.16142e+21 	0 	0 	0 	1 	0 	2.60971 	1 	0 	0 	8.85236e+06 	
284.004 	134.439 	4.53874e+21 	2.22317e+21 	0 	0 	0 	1 	0 	2.60977 	1 	0 	0 	9.0111e+06 	
287.948 	134.435 	4.66658e+21 	2.28579e+21 	0 	0 	0 	1 	0 	2.60984 	1 	0 	0 	9.16752e+06 	
291.893 	134.43 	4.7962e+21 	2.34928e+21 	0 	0 	0 	1 	0 	2.6099 	1 	0 	0 	9.32147e+06 	
295.837 	134.426 	4.92759e+21 	2.41364e+21 	0 	0 	0 	1 	0 	2.60996 	1 	0 	0 	9.47282e+06 	
299.782 	134.422 	5.06076e+21 	2.47887e+21 	0 	0 	0 	1 	0 	2.61002 	1 	0 	0 	9.62147e+06 	
303.726 	134.417 	5.19571e+21 	2.54497e+21 	0 	0 	0 	1 	0 	2.61009 	1 	0 	0 	9.76725e+06 	
307.671 	134.413 	5.33243e+21 	2.61194e+21 	0 	0 	0 	1 	0 	2.61015 	1 	0 	0 	9.91008e+06 	
311.615 	134.408 	5.47093e+21 	2.67978e+21 	0 	0 	0 	1 	0 	2.61021 	1 	0 	0 	1.00498e+07 	
315.56 	134.404 	5.6112e+21 	2.74848e+21 	0 	0 	0 	1 	0 	2.61028 	1 	0 	0 	1.01863e+07 	
319.504 	134.399 	5.75325e+21 	2.81806e+21 	0 	0 	0 	1 	0 	2.61034 	1 	0 	0 	1.03195e+07 	
323.449 	134.395 	5.89707e+21 	2.88851e+21 	0 	0 	0 	1 	0 	2.61041 	1 	0 	0 	1.04492e+07 	
327.393 	134.39 	6.04267e+21 	2.95983e+21 	0 	0 	0 	1 	0 	2.61047 	1 	0 	0 	1.05754e+07 	
331.338 	134.386 	6.19005e+21 	3.03201e+21 	0 	0 	0 	1 	0 	2.61054 	1 	0 	0 	1.06979e+07 	
335.282 	134.381 	6.3392e+21 	3.10507e+21 	0 	0 	0 	1 	0 	2.6106 	1 	0 	0 	1.08166e+07 	
339.227 	134.377 	6.49012e+21 	3.179e+21 	0 	0 	0 	1 	0 	2.61067 	1 	0 	0 	1.09315e+07 	
343.171 	134.372 	6.64283e+21 	3.2538e+21 	0 	0 	0 	1 	0 	2.61073 	1 	0 	0 	1.10423e+07 	
347.116 	134.367 	6.7973e+21 	3.32946e+21 	0 	0 	0 	1 	0 	2.6108 	1 	0 	0 	1.11491e+07 	
351.06 	134.363 	6.95356e+21 	3.406e+21 	0 	0 	0 	1 	0 	2.61087 	1 	0 	0 	1.12517e+07 	
355.005 	134.358 	7.11158e+21 	3.4834e+21 	0 	0 	0 	1 	0 	2.61093 	1 	0 	0 	1.13501e+07 	
358.949 	134.353 	7.27139e+21 	3.56168e+21 	0 	0 	0 	1 	0 	2.611 	1 	0 	0 	1.14441e+07 	
362.894 	134.349 	7.43297e+21 	3.64082e+21 	0 	0 	0 	1 	0 	2.61107 	1 	0 	0 	1.15336e+07 	
366.838 	134.344 	7.59632e+21 	3.72084e+21 	0 	0 	0 	1 	0 	2.61113 	1 	0 	0 	1.16186e+07 	
370.783 	134.339 	7.76146e+21 	3.80172e+21 	0 	0 	0 	1 	0 	2.6112 	1 	0 	0 	1.1699e+07 	
374.727 	134.335 	7.92836e+21 	3.88348e+21 	0 	0 	0 	1 	0 	2.61127 	1 	0 	0 	1.17746e+07 	
378.672 	134.33 	8.09704e+21 	3.9661e+21 	0 	0 	0 	1 	0 	2.61133 	1 	0 	0 	1.18456e+07 	
382.616 	134.325 	8.2675e+21 	4.0496e+21 	0 	0 	0 	1 	0 	2.6114 	1 	0 	0 	1.19117e+07 	
386.561 	134.321 	8.43974e+21 	4.13396e+21 	0 	0 	0 	1 	0 	2.61147 	1 	0 	0 	1.19729e+07 	
390.505 	134.316 	8.61374e+21 	4.21919e+21 	0 	0 	0 	1 	0 	2.61153 	1 	0 	0 	1.20292e+07 	
394.45 	134.311 	8.78953e+21 	4.3053e+21 	0 	0 	0 	1 	0 	2.6116 	1 	0 	0 	1.20804e+07 	
398.394 	134.307 	8.96709e+21 	4.39227e+21 	0 	0 	0 	1 	0 	2.61167 	1 	0 	0 	1.21266e+07 	
402.339 	134.302 	9.14643e+21 	4.48011e+21 	0 	0 	0 	1 	0 	2.61174 	1 	0 	0 	1.21677e+07 	
406.283 	134.297 	9.32754e+21 	4.56882e+21 	0 	0 	0 	1 	0 	2.6118 	1 	0 	0 	1.22036e+07 	
410.228 	134.292 	9.51042e+21 	4.6584e+21 	0 	0 	0 	1 	0 	2.61187 	1 	0 	0 	1.22343e+07 	
414.172 	134.288 	9.69509e+21 	4.74886e+21 	0 	0 	0 	1 	0 	2.61194 	1 	0 	0 	1.22598e+07 	
418.117 	134.283 	9.88152e+21 	4.84018e+21 	0 	0 	0 	1 	0 	2.612 	1 	0 	0 	1.228e+07 	
422.061 	134.278 	1.00697e+22 	4.93237e+21 	0 	0 	0 	1 	0 	2.61207 	1 	0 	0 	1.22949e+07 	
426.006 	134.274 	1.02597e+22 	5.02543e+21 	0 	0 	0 	1 	0 	2.61214 	1 	0 	0 	1.23044e+07 	
429.95 	134.269 	1.04515e+22 	5.11936e+21 	0 	0 	0 	1 	0 	2.6122 	1 	0 	0 	1.23086e+07 	
433.895 	134.265 	1.0645e+22 	5.21416e+21 	0 	0 	0 	1 	0 	2.61227 	1 	0 	0 	1.23075e+07 	
437.839 	134.26 	1.08404e+22 	5.30983e+21 	0 	0 	0 	1 	0 	2.61233 	1 	0 	0 	1.2301e+07 	
441.784 	134.255 	1.10374e+22 	5.40637e+21 	0 	0 	0 	1 	0 	2.6124 	1 	0 	0 	1.2289e+07 	
445.728 	134.251 	1.12363e+22 	5.50378e+21 	0 	0 	0 	1 	0 	2.61247 	1 	0 	0 	1.22717e+07 	
449.673 	134.246 	1.1437e+22 	5.60206e+21 	0 	0 	0 	1 	0 	2.61253 	1 	0 	0 	1.2249e+07 	
453.617 	134.242 	1.16394e+22 	5.70121e+21 	0 	0 	0 	1 	0 	2.6126 	1 	0 	0 	1.22209e+07 	
457.562 	134.237 	1.18436e+22 	5.80123e+21 	0 	0 	0 	1 	0 	2.61266 	1 	0 	0 	1.21875e+07 	
461.506 	134.233 	1.20495e+22 	5.90212e+21 	0 	0 	0 	1 	0 	2.61272 	1 	0 	0 	1.21487e+07 	
465.451 	134.228 	1.22573e+22 	6.00387e+21 	0 	0 	0 	1 	0 	2.61279 	1 	0 	0 	1.21045e+07 	
469.395 	134.224 	1.24668e+22 	6.1065e+21 	0 	0 	0 	1 	0 	2.61285 	1 	0 	0 	1.20551e+07 	
473.34 	134.219 	1.26781e+22 	6.21e+21 	0 	0 	0 	1 	0 	2.61292 	1 	0 	0 	1.20004e+07 	
477.284 	134.215 	1.28912e+22 	6.31437e+21 	0 	0 	0 	1 	0 	2.61298 	1 	0 	0 	1.19404e+07 	
481.229 	134.211 	1.3106e+22 	6.4196e+21 	0 	0 	0 	1 	0 	2.61304 	1 	0 	0 	1.18752e+07 	
485.173 	134.206 	1.33226e+22 	6.52571e+21 	0 	0 	0 	1 	0 	2.6131 	1 	0 	0 	1.18048e+07 	
489.118 	134.202 	1.3541e+22 	6.63269e+21 	0 	0 	0 	1 	0 	2.61317 	1 	0 	0 	1.17293e+07 	
493.062 	134.198 	1.37612e+22 	6.74053e+21 	0 	0 	0 	1 	0 	2.61323 	1 	0 	0 	1.16487e+07 	
497.007 	134.193 	1.39832e+22 	6.84925e+21 	0 	0 	0 	1 	0 	2.61329 	1 	0 	0 	1.15632e+07 	
500.951 	134.189 	1.42069e+22 	6.95883e+21 	0 	0 	0 	1 	0 	2.61335 	1 	0 	0 	1.14726e+07 	
504.896 	134.185 	1.44324e+22 	7.06929e+21 	0 	0 	0 	1 	0 	2.61341 	1 	0 	0 	1.13772e+07 	
508.84 	134.181 	1.46597e+22 	7.18061e+21 	0 	0 	0 	1 	0 	2.61347 	1 	0 	0 	1.1277e+07 	
512.785 	134.177 	1.48887e+22 	7.29281e+21 	0 	0 	0 	1 	0 	2.61353 	1 	0 	0 	1.1172e+07 	
516.729 	134.173 	1.51196e+22 	7.40587e+21 	0 	0 	0 	1 	0 	2.61359 	1 	0 	0 	1.10624e+07 	
520.674 	134.169 	1.53522e+22 	7.51981e+21 	0 	0 	0 	1 	0 	2.61364 	1 	0 	0 	1.09482e+07 	
524.618 	134.165 	1.55865e+22 	7.63461e+21 	0 	0 	0 	1 	0 	2.6137 	1 	0 	0 	1.08295e+07 	
528.563 	134.161 	1.58227e+22 	7.75029e+21 	0 	0 	0 	1 	0 	2.61376 	1 	0 	0 	1.07064e+07 	
532.507 	134.157 	1.60606e+22 	7.86683e+21 	0 	0 	0 	1 	0 	2.61382 	1 	0 	0 	1.0579e+07 	
536.452 	134.153 	1.63003e+22 	7.98424e+21 	0 	0 	0 	1 	0 	2.61387 	1 	0 	0 	1.04475e+07 	
540.396 	134.149 	1.65418e+22 	8.10253e+21 	0 	0 	0 	1 	0 	2.61393 	1 	0 	0 	1.03118e+07 	
544.341 	134.145 	1.67851e+22 	8.22168e+21 	0 	0 	0 	1 	0 	2.61398 	1 	0 	0 	1.01722e+07 	
548.285 	134.141 	1.70301e+22 	8.3417e+21 	0 	0 	0 	1 	0 	2.61404 	1 	0 	0 	1.00287e+07 	
552.23 	134.137 	1.72769e+22 	8.46259e+21 	0 	0 	0 	1 	0 	2.61409 	1 	0 	0 	9.88148e+06 	
556.174 	134.134 	1.75255e+22 	8.58435e+21 	0 	0 	0 	1 	0 	2.61414 	1 	0 	0 	9.73066e+06 	
560.119 	134.13 	1.77759e+22 	8.70699e+21 	0 	0 	0 	1 	0 	2.6142 	1 	0 	0 	9.57634e+06 	
564.063 	134.127 	1.8028e+22 	8.83049e+21 	0 	0 	0 	1 	0 	2.61425 	1 	0 	0 	9.41869e+06 	
568.008 	134.123 	1.82819e+22 	8.95486e+21 	0 	0 	0 	1 	0 	2.6143 	1 	0 	0 	9.25781e+06 	
571.952 	134.119 	1.85376e+22 	9.0801e+21 	0 	0 	0 	1 	0 	2.61435 	1 	0 	0 	9.09386e+06 	
575.897 	134.116 	1.87951e+22 	9.20621e+21 	0 	0 	0 	1 	0 	2.6144 	1 	0 	0 	8.92698e+06 	
579.841 	134.113 	1.90543e+22 	9.33319e+21 	0 	0 	0 	1 	0 	2.61445 	1 	0 	0 	8.75733e+06 	
583.786 	134.109 	1.93153e+22 	9.46104e+21 	0 	0 	0 	1 	0 	2.6145 	1 	0 	0 	8.58503e+06 	
587.73 	134.106 	1.95781e+22 	9.58976e+21 	0 	0 	0 	1 	0 	2.61454 	1 	0 	0 	8.41027e+06 	
591.675 	134.103 	1.98427e+22 	9.71935e+21 	0 	0 	0 	1 	0 	2.61459 	1 	0 	0 	8.23319e+06 	
595.619 	134.099 	2.0109e+22 	9.84981e+21 	0 	0 	0 	1 	0 	2.61464 	1 	0 	0 	8.05395e+06 	
599.564 	134.096 	2.03771e+22 	9.98114e+21 	0 	0 	0 	1 	0 	2.61468 	1 	0 	0 	7.87274e+06 	
603.508 	134.093 	2.0647e+22 	1.01133e+22 	0 	0 	0 	1 	0 	2.61473 	1 	0 	0 	7.68967e+06 	
607.453 	134.09 	2.09187e+22 	1.02464e+22 	0 	0 	0 	1 	0 	2.61477 	1 	0 	0 	7.50496e+06 	
611.397 	134.087 	2.11921e+22 	1.03803e+22 	0 	0 	0 	1 	0 	2.61481 	1 	0 	0 	7.31876e+06 	
615.342 	134.084 	2.14673e+22 	1.05151e+22 	0 	0 	0 	1 	0 	2.61486 	1 	0 	0 	7.13124e+06 	
619.286 	134.081 	2.17443e+22 	1.06508e+22 	0 	0 	0 	1 	0 	2.6149 	1 	0 	0 	6.94259e+06 	
623.231 	134.078 	2.20231e+22 	1.07874e+22 	0 	0 	0 	1 	0 	2.61494 	1 	0 	0 	6.75295e+06 	
627.175 	134.075 	2.23036e+22 	1.09248e+22 	0 	0 	0 	1 	0 	2.61499 	1 	0 	0 	6.56252e+06 	
631.12 	134.072 	2.2586e+22 	1.10631e+22 	0 	0 	0 	1 	0 	2.61503 	1 	0 	0 	6.37145e+06 	
635.064 	134.069 	2.28701e+22 	1.12022e+22 	0 	0 	0 	1 	0 	2.61508 	1 	0 	0 	6.17992e+06 	
639.009 	134.066 	2.31559e+22 	1.13423e+22 	0 	0 	0 	1 	0 	2.61512 	1 	0 	0 	5.9881e+06 	
642.953 	134.062 	2.34436e+22 	1.14832e+22 	0 	0 	0 	1 	0 	2.61517 	1 	0 	0 	5.79613e+06 	
646.898 	134.058 	2.3733e+22 	1.16249e+22 	0 	0 	0 	1 	0 	2.61522 	1 	0 	0 	5.60418e+06 	
650.842 	134.054 	2.40242e+22 	1.17676e+22 	0 	0 	0 	1 	0 	2.61528 	1 	0 	0 	5.41239e+06 	
654.787 	134.05 	2.43172e+22 	1.19111e+22 	0 	0 	0 	1 	0 	2.61535 	1 	0 	0 	5.2209e+06 	
658.731 	134.045 	2.46119e+22 	1.20554e+22 	0 	0 	0 	1 	0 	2.61542 	1 	0 	0 	5.02982e+06 	
662.676 	134.039 	2.49085e+22 	1.22007e+22 	0 	0 	0 	1 	0 	2.61551 	1 	0 	0 	4.83928e+06 	
666.62 	134.031 	2.52068e+22 	1.23468e+22 	0 	0 	0 	1 	0 	2.61561 	1 	0 	0 	4.64938e+06 	
670.565 	134.023 	2.55068e+22 	1.24938e+22 	0 	0 	0 	1 	0 	2.61574 	1 	0 	0 	4.46018e+06 	
674.509 	134.012 	2.58087e+22 	1.26416e+22 	0 	0 	0 	1 	0 	2.61589 	1 	0 	0 	4.27178e+06 	
678.454 	133.999 	2.61123e+22 	1.27904e+22 	0 	0 	0 	1 	0 	2.61608 	1 	0 	0 	4.0842e+06 	
682.398 	133.982 	2.64177e+22 	1.29399e+22 	0 	0 	0 	1 	0 	2.61631 	1 	0 	0 	3.89747e+06 	
686.343 	133.962 	2.67249e+22 	1.30904e+22 	0 	0 	0 	1 	0 	2.61661 	1 	0 	0 	3.71161e+06 	
690.287 	133.937 	2.70338e+22 	1.32417e+22 	0 	0 	0 	1 	0 	2.61697 	1 	0 	0 	3.52661e+06 	
694.232 	133.905 	2.73446e+22 	1.33939e+22 	0 	0 	0 	1 	0 	2.61742 	1 	0 	0 	3.34246e+06 	
698.176 	133.866 	2.76571e+22 	1.3547e+22 	0 	0 	0 	1 	0 	2.61799 	1 	0 	0 	3.15913e+06 	
702.121 	133.818 	2.79714e+22 	1.3701e+22 	0 	0 	0 	1 	0 	2.61868 	1 	0 	0 	2.97659e+06 	
706.065 	133.758 	2.82874e+22 	1.38558e+22 	0 	0 	0 	1 	0 	2.61955 	1 	0 	0 	2.79483e+06 	
710.01 	133.684 	2.86053e+22 	1.40115e+22 	0 	0 	0 	1 	0 	2.62061 	1 	0 	0 	2.61384e+06 	
713.954 	133.594 	2.89249e+22 	1.4168e+22 	0 	0 	0 	1 	0 	2.62192 	1 	0 	0 	2.43368e+06 	
717.899 	133.483 	2.92462e+22 	1.43254e+22 	0 	0 	0 	1 	0 	2.62351 	1 	0 	0 	2.25445e+06 	
721.843 	133.349 	2.95694e+22 	1.44837e+22 	0 	0 	0 	1 	0 	2.62546 	1 	0 	0 	2.07634e+06 	
725.788 	133.187 	2.98943e+22 	1.46429e+22 	0 	0 	0 	1 	0 	2.62781 	1 	0 	0 	1.89964e+06 	
729.732 	132.993 	3.02211e+22 	1.48029e+22 	0 	0 	0 	1 	0 	2.63064 	1 	0 	0 	1.72481e+06 	
733.677 	132.761 	3.05495e+22 	1.49638e+22 	0 	0 	0 	1 	0 	2.63402 	1 	0 	0 	1.55246e+06 	
737.621 	132.486 	3.08798e+22 	1.51256e+22 	0 	0 	0 	1 	0 	2.63805 	1 	0 	0 	1.38337e+06 	
741.566 	132.162 	3.12118e+22 	1.52882e+22 	0 	0 	0 	1 	0 	2.64282 	1 	0 	0 	1.21853e+06 	
745.51 	131.783 	3.15457e+22 	1.54517e+22 	0 	0 	0 	1 	0 	2.64842 	1 	0 	0 	1.05907e+06 	
749.455 	131.341 	3.18812e+22 	1.56161e+22 	0 	0 	0 	1 	0 	2.65499 	1 	0 	0 	906263 	
753.399 	130.83 	3.22186e+22 	1.57813e+22 	0 	0 	0 	1 	0 	2.66265 	1 	0 	0 	761433 	
757.344 	130.239 	3.25577e+22 	1.59475e+22 	0 	0 	0 	1 	0 	2.67157 	1 	0 	0 	625904 	
761.288 	129.556 	3.28987e+22 	1.61145e+22 	0 	0 	0 	1 	0 	2.68198 	1 	0 	0 	500935 	
765.233 	128.765 	3.32414e+22 	1.62823e+22 	0 	0 	0 	1 	0 	2.69415 	1 	0 	0 	387698 	
769.177 	127.848 	3.35858e+22 	1.6451e+22 	0 	0 	0 	1 	0 	2.70844 	1 	0 	0 	287312 	
775.416 	125.697 	3.39321e+22 	1.66206e+22 	0 	0 	0 	1 	0 	0.745495 	1 	0.369576 	0 	292972 	
783.219 	113.331 	3.42801e+22 	1.67911e+22 	0 	0 	0 	1 	0 	0.172608 	1 	0.499962 	0 	43916.8 	
790.947 	93.6946 	3.46299e+22 	1.69624e+22 	0 	0 	0 	1 	0 	0.199457 	1 	0.5 	0 	532.969 	
798.604 	75.5694 	3.49814e+22 	1.71346e+22 	0 	0 	0 	1 	0 	0.236079 	1 	0.5 	0 	1.07521 	
806.192 	57 	3.53348e+22 	1.73077e+22 	0 	0 	0 	1 	0 	0.296613 	1 	0.5 	0 	1.03728 	
