3.02375 	0 	
6.0475 	0 	
9.07125 	0 	
12.095 	0 	
15.1187 	0 	
18.1425 	0 	
21.1662 	0 	
24.19 	0 	
27.2137 	0 	
30.2375 	0 	
33.2612 	0 	
36.285 	0 	
39.3087 	0 	
42.3325 	0 	
45.3562 	0 	
48.38 	0 	
51.4037 	0 	
54.4275 	0 	
57.4512 	0 	
60.475 	0 	
63.4987 	0 	
66.5225 	0 	
69.5462 	0 	
72.57 	0 	
75.5937 	0 	
78.6175 	0 	
81.6412 	0 	
84.665 	0 	
87.6887 	0 	
90.7125 	0 	
93.7362 	0 	
96.76 	0 	
99.7837 	0 	
102.807 	0 	
105.831 	0 	
108.855 	0 	
111.879 	0 	
114.902 	0 	
117.926 	0 	
120.95 	0 	
123.974 	0 	
126.997 	0 	
130.021 	0 	
133.045 	0 	
136.069 	0 	
139.092 	0 	
142.116 	0 	
145.14 	0 	
148.164 	0 	
151.187 	0 	
154.211 	0 	
157.235 	0 	
160.259 	0 	
163.282 	0 	
166.306 	0 	
169.33 	0 	
172.354 	0 	
175.377 	0 	
178.401 	0 	
181.425 	0 	
184.449 	0 	
187.472 	0 	
190.496 	0 	
193.52 	0 	
196.544 	0 	
199.567 	0 	
202.591 	0 	
205.615 	0 	
208.639 	0 	
211.662 	0 	
214.686 	0 	
217.71 	0 	
220.734 	0 	
223.757 	0 	
226.781 	0 	
229.805 	0 	
232.829 	0 	
235.852 	0 	
238.876 	0 	
241.9 	0 	
244.924 	0 	
247.947 	0 	
250.971 	0 	
253.995 	0 	
257.019 	0 	
260.042 	0 	
263.066 	0 	
266.09 	0 	
269.114 	0 	
272.137 	0 	
275.161 	0 	
278.185 	0 	
281.209 	0 	
284.232 	0 	
287.256 	0 	
290.28 	0 	
293.304 	0 	
296.327 	0 	
299.351 	0 	
302.375 	0 	
305.399 	0 	
308.422 	0 	
311.446 	0 	
314.47 	0 	
317.494 	0 	
320.517 	0 	
323.541 	0 	
326.565 	0 	
329.589 	0 	
332.612 	0 	
335.636 	0 	
338.66 	0 	
341.684 	0 	
344.707 	0 	
347.731 	0 	
350.755 	0 	
353.779 	0 	
356.802 	0 	
359.826 	0 	
362.85 	0 	
365.874 	0 	
368.897 	0 	
371.921 	0 	
374.945 	0 	
377.969 	0 	
380.992 	0 	
384.016 	0 	
387.04 	0 	
390.064 	0 	
393.087 	0 	
396.111 	0 	
399.135 	0 	
402.159 	0 	
405.182 	0 	
408.206 	0 	
411.23 	0 	
414.254 	0 	
417.277 	0 	
420.301 	0 	
423.325 	0 	
426.349 	0 	
429.372 	0 	
432.396 	0 	
435.42 	0 	
438.444 	0 	
441.467 	0 	
444.491 	0 	
447.515 	0 	
450.539 	0 	
453.562 	0 	
456.586 	0 	
459.61 	0 	
462.634 	0 	
465.657 	0 	
468.681 	0 	
471.705 	0 	
474.729 	0 	
477.752 	0 	
480.776 	0 	
483.8 	0 	
486.824 	0 	
489.847 	0 	
492.871 	0 	
495.895 	0 	
498.919 	0 	
501.942 	0 	
504.966 	0 	
507.99 	0 	
511.014 	0 	
514.037 	0 	
517.061 	0 	
520.085 	0 	
523.109 	0 	
526.132 	0 	
529.156 	0 	
532.18 	0 	
535.204 	0 	
538.227 	0 	
541.251 	0 	
544.275 	0 	
547.299 	0 	
550.322 	0 	
553.346 	0 	
556.37 	0 	
559.394 	0 	
562.417 	0 	
565.441 	0 	
568.465 	0 	
571.489 	0 	
574.512 	0 	
577.536 	0 	
580.56 	0 	
583.584 	0 	
586.607 	0 	
589.631 	0 	
592.655 	0 	
595.679 	0 	
598.702 	0 	
601.726 	0 	
604.75 	0 	
3.02375 	0 	
6.0475 	0 	
9.07125 	0 	
12.095 	0 	
15.1187 	0 	
18.1425 	0 	
21.1662 	0 	
24.19 	0 	
27.2137 	0 	
30.2375 	0 	
33.2612 	0 	
36.285 	0 	
39.3087 	0 	
42.3325 	0 	
45.3562 	0 	
48.38 	0 	
51.4037 	0 	
54.4275 	0 	
57.4512 	0 	
60.475 	0 	
63.4987 	0 	
66.5225 	0 	
69.5462 	0 	
72.57 	0 	
75.5937 	0 	
78.6175 	0 	
81.6412 	0 	
84.665 	0 	
87.6887 	0 	
90.7125 	0 	
93.7362 	0 	
96.76 	0 	
99.7837 	0 	
102.807 	0 	
105.831 	0 	
108.855 	0 	
111.879 	0 	
114.902 	0 	
117.926 	0 	
120.95 	0 	
123.974 	0 	
126.997 	0 	
130.021 	0 	
133.045 	0 	
136.069 	0 	
139.092 	0 	
142.116 	0 	
145.14 	0 	
148.164 	0 	
151.187 	0 	
154.211 	0 	
157.235 	0 	
160.259 	0 	
163.282 	0 	
166.306 	0 	
169.33 	0 	
172.354 	0 	
175.377 	0 	
178.401 	0 	
181.425 	0 	
184.449 	0 	
187.472 	0 	
190.496 	0 	
193.52 	0 	
196.544 	0 	
199.567 	0 	
202.591 	0 	
205.615 	0 	
208.639 	0 	
211.662 	0 	
214.686 	0 	
217.71 	0 	
220.734 	0 	
223.757 	0 	
226.781 	0 	
229.805 	0 	
232.829 	0 	
235.852 	0 	
238.876 	0 	
241.9 	0 	
244.924 	0 	
247.947 	0 	
250.971 	0 	
253.995 	0 	
257.019 	0 	
260.042 	0 	
263.066 	0 	
266.09 	0 	
269.114 	0 	
272.137 	0 	
275.161 	0 	
278.185 	0 	
281.209 	0 	
284.232 	0 	
287.256 	0 	
290.28 	0 	
293.304 	0 	
296.327 	0 	
299.351 	0 	
302.375 	0 	
305.399 	0 	
308.422 	0 	
311.446 	0 	
314.47 	0 	
317.494 	0 	
320.517 	0 	
323.541 	0 	
326.565 	0 	
329.589 	0 	
332.612 	0 	
335.636 	0 	
338.66 	0 	
341.684 	0 	
344.707 	0 	
347.731 	0 	
350.755 	0 	
353.779 	0 	
356.802 	0 	
359.826 	0 	
362.85 	0 	
365.874 	0 	
368.897 	0 	
371.921 	0 	
374.945 	0 	
377.969 	0 	
380.992 	0 	
384.016 	0 	
387.04 	0 	
390.064 	0 	
393.087 	0 	
396.111 	0 	
399.135 	0 	
402.159 	0 	
405.182 	0 	
408.206 	0 	
411.23 	0 	
414.254 	0 	
417.277 	0 	
420.301 	0 	
423.325 	0 	
426.349 	0 	
429.372 	0 	
432.396 	0 	
435.42 	0 	
438.444 	0 	
441.467 	0 	
444.491 	0 	
447.515 	0 	
450.539 	0 	
453.562 	0 	
456.586 	0 	
459.61 	0 	
462.634 	0 	
465.657 	0 	
468.681 	0 	
471.705 	0 	
474.729 	0 	
477.752 	0 	
480.776 	0 	
483.8 	0 	
486.824 	0 	
489.847 	0 	
492.871 	0 	
495.895 	0 	
498.919 	0 	
501.942 	0 	
504.966 	0 	
507.99 	0 	
511.014 	0 	
514.037 	0 	
517.061 	0 	
520.085 	0 	
523.109 	0 	
526.132 	0 	
529.156 	0 	
532.18 	0 	
535.204 	0 	
538.227 	0 	
541.251 	0 	
544.275 	0 	
547.299 	0 	
550.322 	0 	
553.346 	0 	
556.37 	0 	
559.394 	0 	
562.417 	0 	
565.441 	0 	
568.465 	0 	
571.489 	0 	
574.512 	0 	
577.536 	0 	
580.56 	0 	
583.584 	0 	
586.607 	0 	
589.631 	0 	
592.655 	0 	
595.679 	0 	
598.702 	0 	
601.726 	0 	
604.75 	0 	
2.807 	0 	
5.614 	51886.3 	
8.421 	135795 	
11.228 	260644 	
14.035 	427895 	
16.842 	636939 	
19.649 	887396 	
22.456 	1.17894e+06 	
25.263 	1.51121e+06 	
28.07 	1.88384e+06 	
30.877 	2.2964e+06 	
33.684 	2.74842e+06 	
36.491 	3.2394e+06 	
39.298 	3.76878e+06 	
42.105 	4.33598e+06 	
44.912 	4.94032e+06 	
47.719 	5.58107e+06 	
50.526 	6.2576e+06 	
53.333 	6.96916e+06 	
56.14 	7.71499e+06 	
58.947 	8.49427e+06 	
61.754 	9.30617e+06 	
64.561 	1.01496e+07 	
67.368 	1.10235e+07 	
70.175 	1.19274e+07 	
72.982 	1.286e+07 	
75.789 	1.38205e+07 	
78.596 	1.48076e+07 	
81.403 	1.582e+07 	
84.21 	1.68569e+07 	
87.017 	1.79174e+07 	
89.824 	1.90003e+07 	
92.631 	2.01034e+07 	
95.438 	2.12265e+07 	
98.245 	2.23684e+07 	
101.052 	2.35279e+07 	
103.859 	2.47025e+07 	
106.666 	2.58921e+07 	
109.473 	2.70956e+07 	
112.28 	2.83112e+07 	
115.087 	2.95368e+07 	
117.894 	3.07724e+07 	
120.701 	3.20176e+07 	
123.508 	3.32695e+07 	
126.316 	3.45275e+07 	
129.123 	3.57903e+07 	
131.931 	3.70554e+07 	
134.739 	3.83217e+07 	
137.547 	3.9589e+07 	
140.355 	4.08547e+07 	
143.164 	4.21171e+07 	
145.972 	4.33767e+07 	
148.781 	4.46303e+07 	
151.59 	4.58766e+07 	
154.399 	4.71162e+07 	
157.209 	4.83452e+07 	
160.018 	4.95633e+07 	
162.828 	5.07708e+07 	
165.638 	5.1963e+07 	
168.448 	5.3141e+07 	
171.258 	5.43046e+07 	
174.068 	5.54479e+07 	
176.879 	5.65745e+07 	
179.689 	5.76814e+07 	
182.5 	5.87656e+07 	
185.311 	5.98297e+07 	
188.122 	6.08683e+07 	
190.934 	6.18828e+07 	
193.745 	6.28734e+07 	
196.557 	6.38337e+07 	
199.369 	6.47686e+07 	
202.18 	6.56739e+07 	
204.992 	6.65484e+07 	
207.805 	6.73947e+07 	
210.617 	6.82047e+07 	
213.43 	6.89843e+07 	
216.242 	6.973e+07 	
219.055 	7.04388e+07 	
221.868 	7.11157e+07 	
224.681 	7.17523e+07 	
227.494 	7.23538e+07 	
230.307 	7.29182e+07 	
233.121 	7.34411e+07 	
235.934 	7.39283e+07 	
238.748 	7.43722e+07 	
241.562 	7.47771e+07 	
244.375 	7.51427e+07 	
247.189 	7.54627e+07 	
250.003 	7.57448e+07 	
252.818 	7.59812e+07 	
255.632 	7.61757e+07 	
258.446 	7.63303e+07 	
261.261 	7.64356e+07 	
264.075 	7.65018e+07 	
266.89 	7.65222e+07 	
269.705 	7.64974e+07 	
272.519 	7.64326e+07 	
275.334 	7.63172e+07 	
278.149 	7.61607e+07 	
280.964 	7.59613e+07 	
283.779 	7.57128e+07 	
286.595 	7.54247e+07 	
289.41 	7.50901e+07 	
292.225 	7.47105e+07 	
295.041 	7.42916e+07 	
297.856 	7.38232e+07 	
300.672 	7.33139e+07 	
303.487 	7.2766e+07 	
306.303 	7.21672e+07 	
309.118 	7.15312e+07 	
311.934 	7.08558e+07 	
314.75 	7.01326e+07 	
317.566 	6.93737e+07 	
320.382 	6.85759e+07 	
323.197 	6.77327e+07 	
326.013 	6.68556e+07 	
328.829 	6.5942e+07 	
331.645 	6.49843e+07 	
334.461 	6.39948e+07 	
337.277 	6.29732e+07 	
340.094 	6.1908e+07 	
342.91 	6.08132e+07 	
345.726 	5.96896e+07 	
348.542 	5.85254e+07 	
351.358 	5.73317e+07 	
354.174 	5.61108e+07 	
356.981 	5.4028e+07 	
359.788 	5.27646e+07 	
362.595 	5.14816e+07 	
365.402 	5.01755e+07 	
368.209 	4.88386e+07 	
371.016 	4.74826e+07 	
373.823 	4.61085e+07 	
376.63 	4.4713e+07 	
379.437 	4.32935e+07 	
382.244 	4.18595e+07 	
385.051 	4.04117e+07 	
387.858 	3.89517e+07 	
390.665 	3.74873e+07 	
393.472 	3.60522e+07 	
396.279 	3.46919e+07 	
399.09 	3.36925e+07 	
401.919 	3.39387e+07 	
404.76 	3.44556e+07 	
407.598 	3.51766e+07 	
410.413 	3.55301e+07 	
413.22 	3.65646e+07 	
416.027 	3.76983e+07 	
418.834 	3.814e+07 	
421.641 	3.84641e+07 	
424.448 	3.85843e+07 	
427.255 	3.8453e+07 	
430.062 	3.80628e+07 	
432.869 	3.74379e+07 	
435.676 	3.66199e+07 	
438.483 	3.56647e+07 	
441.29 	3.46124e+07 	
444.097 	3.35013e+07 	
446.904 	3.23622e+07 	
449.722 	3.17632e+07 	
452.553 	3.12941e+07 	
455.399 	3.07761e+07 	
458.259 	3.0209e+07 	
461.131 	2.95934e+07 	
464.016 	2.89307e+07 	
466.914 	2.82227e+07 	
469.823 	2.74713e+07 	
472.743 	2.66788e+07 	
475.674 	2.58476e+07 	
478.614 	2.49807e+07 	
481.565 	2.40815e+07 	
484.523 	2.31539e+07 	
487.49 	2.22018e+07 	
490.464 	2.12271e+07 	
493.445 	2.02357e+07 	
496.432 	1.92338e+07 	
499.425 	1.82269e+07 	
502.422 	1.72199e+07 	
505.424 	1.62174e+07 	
508.43 	1.5224e+07 	
511.439 	1.42437e+07 	
514.45 	1.32796e+07 	
517.465 	1.2332e+07 	
520.481 	1.14047e+07 	
523.499 	1.04965e+07 	
526.518 	9.60336e+06 	
529.539 	8.71214e+06 	
532.56 	7.79959e+06 	
535.582 	6.82614e+06 	
538.605 	5.73995e+06 	
541.628 	4.50057e+06 	
544.651 	3.13772e+06 	
547.675 	1.81734e+06 	
550.699 	803157 	
553.723 	247529 	
556.746 	49240.8 	
559.77 	5988.75 	
562.794 	425.732 	
565.818 	15.641 	
568.841 	15.4182 	
2.807 	0 	
5.614 	21512.9 	
8.421 	56219.6 	
11.228 	107883 	
14.035 	177101 	
16.842 	263600 	
19.649 	367193 	
22.456 	487712 	
25.263 	624982 	
28.07 	778814 	
30.877 	949000 	
33.684 	1.13531e+06 	
36.491 	1.3375e+06 	
39.298 	1.5553e+06 	
42.105 	1.78839e+06 	
44.912 	2.03647e+06 	
47.719 	2.29923e+06 	
50.526 	2.5763e+06 	
53.333 	2.86734e+06 	
56.14 	3.17196e+06 	
58.947 	3.48977e+06 	
61.754 	3.82035e+06 	
64.561 	4.16327e+06 	
67.368 	4.51811e+06 	
70.175 	4.8844e+06 	
72.982 	5.26168e+06 	
75.789 	5.64947e+06 	
78.596 	6.0472e+06 	
81.403 	6.45425e+06 	
84.21 	6.87028e+06 	
87.017 	7.29476e+06 	
89.824 	7.72717e+06 	
92.631 	8.16698e+06 	
95.438 	8.61363e+06 	
98.245 	9.06659e+06 	
101.052 	9.52532e+06 	
103.859 	9.9892e+06 	
106.666 	1.04572e+07 	
109.473 	1.09292e+07 	
112.28 	1.14047e+07 	
115.087 	1.1883e+07 	
117.894 	1.23637e+07 	
120.701 	1.28462e+07 	
123.508 	1.33299e+07 	
126.315 	1.3814e+07 	
129.122 	1.42974e+07 	
131.929 	1.47803e+07 	
134.736 	1.52621e+07 	
137.543 	1.57423e+07 	
140.35 	1.62203e+07 	
143.157 	1.66956e+07 	
145.964 	1.71675e+07 	
148.771 	1.76344e+07 	
151.578 	1.8097e+07 	
154.385 	1.85547e+07 	
157.192 	1.90071e+07 	
159.999 	1.94536e+07 	
162.806 	1.98939e+07 	
165.613 	2.03266e+07 	
168.42 	2.0751e+07 	
171.227 	2.11676e+07 	
174.034 	2.1576e+07 	
176.841 	2.19757e+07 	
179.648 	2.23664e+07 	
182.455 	2.27477e+07 	
185.262 	2.3117e+07 	
188.069 	2.34759e+07 	
190.876 	2.38241e+07 	
193.683 	2.41613e+07 	
196.49 	2.44872e+07 	
199.297 	2.48015e+07 	
202.104 	2.51023e+07 	
204.911 	2.53896e+07 	
207.718 	2.56643e+07 	
210.525 	2.5926e+07 	
213.332 	2.61747e+07 	
216.139 	2.641e+07 	
218.946 	2.66312e+07 	
221.753 	2.68359e+07 	
224.56 	2.70266e+07 	
227.367 	2.72031e+07 	
230.174 	2.73651e+07 	
232.981 	2.75127e+07 	
235.788 	2.76456e+07 	
238.595 	2.77612e+07 	
241.402 	2.78631e+07 	
244.21 	2.7952e+07 	
247.018 	2.80256e+07 	
249.827 	2.8084e+07 	
252.635 	2.8127e+07 	
255.445 	2.81547e+07 	
258.254 	2.81631e+07 	
261.064 	2.81559e+07 	
263.875 	2.81332e+07 	
266.685 	2.80951e+07 	
269.496 	2.80417e+07 	
272.308 	2.79729e+07 	
275.119 	2.78888e+07 	
277.931 	2.77852e+07 	
280.743 	2.76664e+07 	
283.555 	2.75324e+07 	
286.368 	2.73835e+07 	
289.181 	2.72199e+07 	
291.994 	2.70415e+07 	
294.807 	2.68487e+07 	
297.621 	2.66395e+07 	
300.434 	2.64137e+07 	
303.248 	2.61737e+07 	
306.062 	2.59199e+07 	
308.876 	2.56526e+07 	
311.691 	2.5372e+07 	
314.505 	2.50783e+07 	
317.32 	2.47718e+07 	
320.134 	2.44512e+07 	
322.949 	2.41155e+07 	
325.764 	2.37672e+07 	
328.579 	2.34072e+07 	
331.395 	2.30358e+07 	
334.21 	2.26532e+07 	
337.025 	2.22598e+07 	
339.841 	2.18559e+07 	
342.656 	2.14417e+07 	
345.472 	2.1016e+07 	
348.288 	2.0578e+07 	
351.104 	2.01301e+07 	
353.919 	1.96735e+07 	
356.726 	1.89231e+07 	
359.533 	1.8458e+07 	
362.34 	1.79864e+07 	
365.147 	1.7509e+07 	
367.954 	1.70262e+07 	
370.761 	1.65385e+07 	
373.568 	1.60468e+07 	
376.375 	1.55544e+07 	
379.182 	1.50708e+07 	
381.989 	1.45968e+07 	
384.796 	1.41451e+07 	
387.603 	1.37166e+07 	
390.41 	1.3324e+07 	
393.217 	1.2978e+07 	
396.024 	1.26881e+07 	
398.831 	1.24516e+07 	
401.638 	1.22566e+07 	
404.445 	1.20727e+07 	
407.252 	1.18554e+07 	
410.059 	1.1544e+07 	
412.866 	1.11224e+07 	
415.673 	1.09456e+07 	
418.48 	1.07212e+07 	
421.287 	1.05191e+07 	
424.094 	1.03289e+07 	
426.901 	1.01422e+07 	
429.708 	9.95185e+06 	
432.515 	9.75391e+06 	
435.322 	9.54532e+06 	
438.129 	9.32346e+06 	
440.936 	9.08839e+06 	
443.743 	8.83914e+06 	
446.55 	8.57725e+06 	
449.357 	8.30482e+06 	
452.164 	8.02581e+06 	
454.971 	7.7414e+06 	
457.778 	7.45275e+06 	
460.585 	7.16244e+06 	
463.392 	6.87258e+06 	
466.199 	6.58388e+06 	
469.006 	6.29701e+06 	
471.813 	6.01288e+06 	
474.62 	5.73337e+06 	
477.427 	5.45879e+06 	
480.234 	5.18939e+06 	
483.055 	5.03149e+06 	
485.894 	4.91903e+06 	
488.753 	4.79313e+06 	
491.63 	4.65371e+06 	
494.525 	4.4991e+06 	
497.436 	4.32918e+06 	
500.362 	4.14197e+06 	
503.303 	3.9352e+06 	
506.258 	3.70622e+06 	
509.224 	3.45099e+06 	
512.202 	3.16531e+06 	
515.19 	2.84488e+06 	
518.186 	2.48747e+06 	
521.19 	2.09589e+06 	
524.2 	1.68114e+06 	
527.215 	1.26514e+06 	
530.233 	878509 	
533.254 	553118 	
536.276 	310291 	
539.299 	152644 	
542.323 	64969.7 	
545.346 	23680.5 	
548.37 	7337.91 	
551.394 	1922.83 	
554.417 	423.441 	
557.441 	77.3365 	
560.465 	11.2788 	
563.489 	1.14005 	
566.512 	1.12373 	
2.807 	0 	
5.614 	12324.3 	
8.421 	32189.1 	
11.228 	61758.6 	
14.035 	101374 	
16.842 	150877 	
19.649 	210155 	
22.456 	279107 	
25.263 	357625 	
28.07 	445593 	
30.877 	542883 	
33.684 	649358 	
36.491 	764868 	
39.298 	889251 	
42.105 	1.02234e+06 	
44.912 	1.16394e+06 	
47.719 	1.31385e+06 	
50.526 	1.47189e+06 	
53.333 	1.63781e+06 	
56.14 	1.81141e+06 	
58.947 	1.99244e+06 	
61.754 	2.18067e+06 	
64.561 	2.37584e+06 	
67.368 	2.57771e+06 	
70.175 	2.78598e+06 	
72.982 	3.00037e+06 	
75.789 	3.22062e+06 	
78.596 	3.44642e+06 	
81.403 	3.67748e+06 	
84.21 	3.91338e+06 	
87.017 	4.15361e+06 	
89.824 	4.39805e+06 	
92.631 	4.64647e+06 	
95.438 	4.89858e+06 	
98.245 	5.15407e+06 	
101.052 	5.41262e+06 	
103.859 	5.6739e+06 	
106.666 	5.93758e+06 	
109.473 	6.20334e+06 	
112.28 	6.47087e+06 	
115.087 	6.73981e+06 	
117.894 	7.00982e+06 	
120.701 	7.28058e+06 	
123.508 	7.55178e+06 	
126.315 	7.82277e+06 	
129.122 	8.09271e+06 	
131.929 	8.3618e+06 	
134.736 	8.63005e+06 	
137.543 	8.89717e+06 	
140.35 	9.16282e+06 	
143.157 	9.42669e+06 	
145.964 	9.68849e+06 	
148.771 	9.94792e+06 	
151.578 	1.02046e+07 	
154.385 	1.04583e+07 	
157.192 	1.07088e+07 	
159.999 	1.09558e+07 	
162.806 	1.11979e+07 	
165.613 	1.14349e+07 	
168.42 	1.16673e+07 	
171.227 	1.18953e+07 	
174.034 	1.21184e+07 	
176.841 	1.23366e+07 	
179.648 	1.25494e+07 	
182.455 	1.27567e+07 	
185.262 	1.29581e+07 	
188.069 	1.31537e+07 	
190.876 	1.33433e+07 	
193.683 	1.35269e+07 	
196.49 	1.37022e+07 	
199.297 	1.38694e+07 	
202.104 	1.40295e+07 	
204.911 	1.41826e+07 	
207.718 	1.43285e+07 	
210.525 	1.44671e+07 	
213.332 	1.45981e+07 	
216.139 	1.47216e+07 	
218.946 	1.48374e+07 	
221.753 	1.49456e+07 	
224.56 	1.50463e+07 	
227.367 	1.51398e+07 	
230.174 	1.52228e+07 	
232.981 	1.52957e+07 	
235.788 	1.536e+07 	
238.595 	1.54158e+07 	
241.402 	1.54633e+07 	
244.209 	1.55022e+07 	
247.016 	1.55328e+07 	
249.823 	1.55549e+07 	
252.63 	1.55689e+07 	
255.437 	1.55747e+07 	
258.244 	1.55728e+07 	
261.051 	1.55632e+07 	
263.858 	1.55447e+07 	
266.665 	1.55148e+07 	
269.472 	1.54746e+07 	
272.279 	1.54254e+07 	
275.086 	1.53678e+07 	
277.893 	1.53018e+07 	
280.7 	1.52277e+07 	
283.507 	1.51455e+07 	
286.315 	1.50583e+07 	
289.123 	1.49636e+07 	
291.931 	1.48613e+07 	
294.74 	1.47519e+07 	
297.55 	1.4635e+07 	
300.36 	1.45104e+07 	
303.17 	1.43779e+07 	
305.981 	1.42356e+07 	
308.793 	1.40835e+07 	
311.604 	1.39228e+07 	
314.416 	1.37547e+07 	
317.228 	1.35796e+07 	
320.041 	1.33977e+07 	
322.854 	1.32092e+07 	
325.667 	1.30143e+07 	
328.481 	1.28134e+07 	
331.294 	1.26066e+07 	
334.108 	1.23945e+07 	
336.922 	1.21769e+07 	
339.737 	1.19538e+07 	
342.551 	1.1725e+07 	
345.366 	1.14908e+07 	
348.181 	1.12513e+07 	
350.996 	1.10069e+07 	
353.811 	1.07577e+07 	
356.618 	1.03512e+07 	
359.425 	1.00972e+07 	
362.232 	9.83986e+06 	
365.039 	9.57948e+06 	
367.846 	9.31649e+06 	
370.653 	9.05504e+06 	
373.46 	8.80033e+06 	
376.267 	8.55194e+06 	
379.074 	8.30942e+06 	
381.881 	8.07229e+06 	
384.688 	7.84785e+06 	
387.495 	7.63491e+06 	
390.302 	7.43219e+06 	
393.109 	7.2375e+06 	
395.916 	7.04336e+06 	
398.723 	6.84175e+06 	
401.53 	6.62282e+06 	
404.337 	6.36967e+06 	
407.144 	6.0681e+06 	
409.951 	5.70449e+06 	
412.758 	5.32458e+06 	
415.565 	5.14252e+06 	
418.372 	4.96775e+06 	
421.179 	4.81016e+06 	
423.986 	4.66652e+06 	
426.793 	4.53286e+06 	
429.6 	4.40617e+06 	
432.407 	4.28433e+06 	
435.214 	4.16544e+06 	
438.021 	4.04782e+06 	
440.828 	3.93119e+06 	
443.635 	3.81439e+06 	
446.442 	3.69654e+06 	
449.249 	3.57753e+06 	
452.056 	3.45763e+06 	
454.863 	3.33666e+06 	
457.67 	3.21418e+06 	
460.477 	3.09061e+06 	
463.284 	2.96635e+06 	
466.091 	2.84178e+06 	
468.898 	2.71728e+06 	
471.705 	2.59323e+06 	
474.512 	2.46925e+06 	
477.319 	2.34557e+06 	
480.126 	2.22181e+06 	
482.933 	2.09776e+06 	
485.74 	1.9729e+06 	
488.547 	1.84711e+06 	
491.354 	1.71955e+06 	
494.185 	1.65177e+06 	
497.039 	1.57249e+06 	
499.918 	1.47813e+06 	
502.819 	1.36728e+06 	
505.741 	1.23874e+06 	
508.684 	1.09306e+06 	
511.645 	932871 	
514.623 	763905 	
517.613 	594856 	
520.614 	436552 	
523.623 	299268 	
526.638 	190147 	
529.656 	111226 	
532.677 	59565.2 	
535.699 	29078.6 	
538.722 	12900.7 	
541.745 	5190.4 	
544.769 	1891.03 	
547.792 	622.9 	
550.816 	184.955 	
553.84 	49.1772 	
556.864 	11.5222 	
559.887 	2.28068 	
562.911 	0.329278 	
565.935 	0.32456 	
2.807 	0 	
5.614 	9211.38 	
8.421 	24055.9 	
11.228 	46152.3 	
14.035 	75755 	
16.842 	112745 	
19.649 	157037 	
22.456 	208555 	
25.263 	267217 	
28.07 	332934 	
30.877 	405608 	
33.684 	485134 	
36.491 	571396 	
39.298 	664270 	
42.105 	763624 	
44.912 	869316 	
47.719 	981197 	
50.526 	1.09911e+06 	
53.333 	1.22289e+06 	
56.14 	1.35236e+06 	
58.947 	1.48734e+06 	
61.754 	1.62764e+06 	
64.561 	1.77308e+06 	
67.368 	1.92345e+06 	
70.175 	2.07854e+06 	
72.982 	2.23815e+06 	
75.789 	2.40206e+06 	
78.596 	2.57004e+06 	
81.403 	2.74188e+06 	
84.21 	2.91734e+06 	
87.017 	3.0962e+06 	
89.824 	3.27823e+06 	
92.631 	3.46315e+06 	
95.438 	3.65052e+06 	
98.245 	3.84021e+06 	
101.052 	4.03206e+06 	
103.859 	4.22583e+06 	
106.666 	4.42128e+06 	
109.473 	4.61814e+06 	
112.28 	4.81617e+06 	
115.087 	5.01513e+06 	
117.894 	5.21476e+06 	
120.701 	5.41483e+06 	
123.508 	5.61508e+06 	
126.315 	5.81527e+06 	
129.122 	6.01518e+06 	
131.929 	6.21458e+06 	
134.736 	6.41323e+06 	
137.543 	6.61091e+06 	
140.35 	6.8074e+06 	
143.157 	7.00246e+06 	
145.964 	7.19588e+06 	
148.771 	7.38691e+06 	
151.578 	7.57528e+06 	
154.385 	7.76113e+06 	
157.192 	7.94438e+06 	
159.999 	8.12485e+06 	
162.806 	8.30233e+06 	
165.613 	8.47666e+06 	
168.42 	8.64764e+06 	
171.227 	8.81511e+06 	
174.034 	8.97891e+06 	
176.841 	9.13884e+06 	
179.648 	9.29474e+06 	
182.455 	9.44645e+06 	
185.262 	9.59381e+06 	
188.069 	9.73666e+06 	
190.876 	9.87487e+06 	
193.683 	1.00083e+07 	
196.49 	1.01364e+07 	
199.297 	1.02584e+07 	
202.104 	1.03747e+07 	
204.911 	1.04857e+07 	
207.718 	1.05913e+07 	
210.525 	1.06913e+07 	
213.332 	1.07858e+07 	
216.139 	1.08745e+07 	
218.946 	1.09574e+07 	
221.753 	1.10345e+07 	
224.56 	1.11056e+07 	
227.367 	1.11708e+07 	
230.174 	1.12301e+07 	
232.981 	1.12833e+07 	
235.788 	1.13304e+07 	
238.595 	1.13715e+07 	
241.402 	1.14063e+07 	
244.209 	1.14349e+07 	
247.016 	1.14559e+07 	
249.823 	1.14696e+07 	
252.63 	1.14765e+07 	
255.437 	1.14772e+07 	
258.244 	1.14716e+07 	
261.051 	1.14597e+07 	
263.858 	1.14416e+07 	
266.665 	1.14174e+07 	
269.472 	1.1387e+07 	
272.279 	1.13504e+07 	
275.086 	1.13076e+07 	
277.893 	1.12587e+07 	
280.7 	1.12036e+07 	
283.507 	1.11426e+07 	
286.314 	1.10756e+07 	
289.121 	1.10028e+07 	
291.928 	1.09243e+07 	
294.735 	1.08402e+07 	
297.542 	1.07505e+07 	
300.349 	1.06554e+07 	
303.156 	1.05538e+07 	
305.963 	1.04456e+07 	
308.77 	1.03313e+07 	
311.577 	1.02115e+07 	
314.384 	1.00866e+07 	
317.192 	9.95911e+06 	
320 	9.82652e+06 	
322.809 	9.68894e+06 	
325.619 	9.54656e+06 	
328.429 	9.39952e+06 	
331.239 	9.248e+06 	
334.051 	9.09216e+06 	
336.862 	8.93218e+06 	
339.674 	8.76822e+06 	
342.487 	8.60043e+06 	
345.299 	8.42892e+06 	
348.112 	8.25385e+06 	
350.926 	8.07535e+06 	
353.74 	7.89366e+06 	
356.547 	7.60095e+06 	
359.354 	7.4159e+06 	
362.161 	7.23029e+06 	
364.968 	7.04583e+06 	
367.775 	6.86343e+06 	
370.582 	6.68303e+06 	
373.389 	6.50447e+06 	
376.196 	6.32764e+06 	
379.003 	6.15336e+06 	
381.81 	5.98365e+06 	
384.617 	5.81481e+06 	
387.424 	5.64663e+06 	
390.231 	5.47455e+06 	
393.038 	5.29668e+06 	
395.845 	5.10755e+06 	
398.652 	4.89865e+06 	
401.459 	4.66648e+06 	
404.266 	4.40399e+06 	
407.073 	4.1054e+06 	
409.88 	3.76911e+06 	
412.687 	3.44764e+06 	
415.494 	3.28959e+06 	
418.301 	3.14909e+06 	
421.108 	3.02262e+06 	
423.915 	2.90729e+06 	
426.722 	2.80104e+06 	
429.529 	2.70203e+06 	
432.336 	2.60871e+06 	
435.143 	2.52013e+06 	
437.95 	2.43551e+06 	
440.757 	2.35366e+06 	
443.564 	2.27357e+06 	
446.371 	2.1948e+06 	
449.178 	2.11691e+06 	
451.985 	2.0392e+06 	
454.792 	1.96178e+06 	
457.599 	1.8841e+06 	
460.406 	1.80581e+06 	
463.213 	1.72708e+06 	
466.02 	1.64758e+06 	
468.827 	1.56711e+06 	
471.634 	1.48549e+06 	
474.441 	1.40232e+06 	
477.248 	1.31773e+06 	
480.055 	1.23161e+06 	
482.862 	1.14368e+06 	
485.669 	1.05427e+06 	
488.476 	963434 	
491.283 	871642 	
494.09 	779499 	
496.916 	709502 	
499.772 	644770 	
502.657 	571982 	
505.569 	492510 	
508.505 	408866 	
511.462 	324832 	
514.438 	245300 	
517.428 	174925 	
520.429 	117217 	
523.438 	73519.5 	
526.452 	43053.4 	
529.47 	23500.2 	
532.491 	11948.1 	
535.513 	5656.72 	
538.536 	2494.03 	
541.559 	1024.03 	
544.583 	391.426 	
547.607 	139.075 	
550.631 	45.7781 	
553.654 	13.8493 	
556.678 	3.78371 	
559.702 	0.893116 	
562.726 	0.15697 	
565.749 	0.15472 	
2.807 	0 	
5.614 	6150 	
8.421 	16059.4 	
11.228 	30810.1 	
14.035 	50572.1 	
16.842 	75265.3 	
19.649 	104834 	
22.456 	139225 	
25.263 	178386 	
28.07 	222255 	
30.877 	270768 	
33.684 	323852 	
36.491 	381431 	
39.298 	443420 	
42.105 	509731 	
44.912 	580267 	
47.719 	654929 	
50.526 	733610 	
53.333 	816199 	
56.14 	902579 	
58.947 	992628 	
61.754 	1.08622e+06 	
64.561 	1.18323e+06 	
67.368 	1.28351e+06 	
70.175 	1.38694e+06 	
72.982 	1.49336e+06 	
75.789 	1.60263e+06 	
78.596 	1.71461e+06 	
81.403 	1.82915e+06 	
84.21 	1.94608e+06 	
87.017 	2.06525e+06 	
89.824 	2.18651e+06 	
92.631 	2.3097e+06 	
95.438 	2.43466e+06 	
98.245 	2.56121e+06 	
101.052 	2.68921e+06 	
103.859 	2.81849e+06 	
106.666 	2.94888e+06 	
109.473 	3.08021e+06 	
112.28 	3.21232e+06 	
115.087 	3.34505e+06 	
117.894 	3.47823e+06 	
120.701 	3.61168e+06 	
123.508 	3.74526e+06 	
126.315 	3.87879e+06 	
129.122 	4.01206e+06 	
131.929 	4.14474e+06 	
134.736 	4.27678e+06 	
137.543 	4.40811e+06 	
140.35 	4.53858e+06 	
143.157 	4.66804e+06 	
145.964 	4.79633e+06 	
148.771 	4.92331e+06 	
151.578 	5.04883e+06 	
154.385 	5.17275e+06 	
157.192 	5.29492e+06 	
159.999 	5.41523e+06 	
162.806 	5.53352e+06 	
165.613 	5.64968e+06 	
168.42 	5.76358e+06 	
171.227 	5.8751e+06 	
174.034 	5.98412e+06 	
176.841 	6.09053e+06 	
179.648 	6.19422e+06 	
182.455 	6.29508e+06 	
185.262 	6.393e+06 	
188.069 	6.48788e+06 	
190.876 	6.57962e+06 	
193.683 	6.66814e+06 	
196.49 	6.75335e+06 	
199.297 	6.83516e+06 	
202.104 	6.9135e+06 	
204.911 	6.98829e+06 	
207.718 	7.05947e+06 	
210.525 	7.12696e+06 	
213.332 	7.19032e+06 	
216.139 	7.24941e+06 	
218.946 	7.30442e+06 	
221.753 	7.35544e+06 	
224.56 	7.40246e+06 	
227.367 	7.44544e+06 	
230.174 	7.48435e+06 	
232.981 	7.51915e+06 	
235.788 	7.54982e+06 	
238.595 	7.57634e+06 	
241.402 	7.59868e+06 	
244.209 	7.61682e+06 	
247.016 	7.63075e+06 	
249.823 	7.64045e+06 	
252.63 	7.64592e+06 	
255.437 	7.64716e+06 	
258.244 	7.64417e+06 	
261.051 	7.63697e+06 	
263.858 	7.62558e+06 	
266.665 	7.61002e+06 	
269.472 	7.59028e+06 	
272.279 	7.5664e+06 	
275.086 	7.53839e+06 	
277.893 	7.50627e+06 	
280.7 	7.47007e+06 	
283.507 	7.4298e+06 	
286.314 	7.38553e+06 	
289.121 	7.33731e+06 	
291.928 	7.28518e+06 	
294.735 	7.22921e+06 	
297.542 	7.16945e+06 	
300.349 	7.10597e+06 	
303.156 	7.03881e+06 	
305.963 	6.96801e+06 	
308.77 	6.89305e+06 	
311.577 	6.81418e+06 	
314.384 	6.73164e+06 	
317.191 	6.64569e+06 	
319.998 	6.55646e+06 	
322.805 	6.46403e+06 	
325.612 	6.3685e+06 	
328.419 	6.26999e+06 	
331.226 	6.16859e+06 	
334.033 	6.06442e+06 	
336.84 	5.95759e+06 	
339.647 	5.84926e+06 	
342.456 	5.73908e+06 	
345.265 	5.62642e+06 	
348.075 	5.51143e+06 	
350.885 	5.39426e+06 	
353.696 	5.27554e+06 	
356.503 	5.08867e+06 	
359.31 	4.96899e+06 	
362.117 	4.84874e+06 	
364.924 	4.72797e+06 	
367.731 	4.60672e+06 	
370.538 	4.48691e+06 	
373.345 	4.36831e+06 	
376.152 	4.24905e+06 	
378.959 	4.12913e+06 	
381.766 	4.00856e+06 	
384.573 	3.88524e+06 	
387.38 	3.75741e+06 	
390.187 	3.62162e+06 	
392.994 	3.47736e+06 	
395.801 	3.31999e+06 	
398.608 	3.14794e+06 	
401.415 	2.95768e+06 	
404.222 	2.74871e+06 	
407.029 	2.51936e+06 	
409.836 	2.2717e+06 	
412.643 	2.04596e+06 	
415.45 	1.93426e+06 	
418.257 	1.8382e+06 	
421.064 	1.75152e+06 	
423.871 	1.67261e+06 	
426.678 	1.60011e+06 	
429.485 	1.53287e+06 	
432.292 	1.47041e+06 	
435.099 	1.41177e+06 	
437.906 	1.35615e+06 	
440.713 	1.30283e+06 	
443.52 	1.25119e+06 	
446.327 	1.20071e+06 	
449.134 	1.15096e+06 	
451.941 	1.10188e+06 	
454.748 	1.05312e+06 	
457.555 	1.00415e+06 	
460.362 	954830 	
463.169 	905028 	
465.976 	854463 	
468.783 	803033 	
471.59 	750838 	
474.397 	697751 	
477.204 	643877 	
480.011 	589396 	
482.818 	534686 	
485.625 	480101 	
488.432 	426071 	
491.239 	373252 	
494.046 	322269 	
496.862 	277741 	
499.711 	243721 	
502.591 	207867 	
505.5 	171249 	
508.435 	135373 	
511.392 	102057 	
514.367 	72984.1 	
517.357 	49326.6 	
520.358 	31430.7 	
523.366 	18861.5 	
526.381 	10661 	
529.399 	5679.77 	
532.42 	2854.97 	
535.442 	1355.48 	
538.465 	608.484 	
541.488 	258.322 	
544.512 	103.696 	
547.536 	39.2856 	
550.559 	13.9892 	
553.583 	4.64198 	
556.607 	1.409 	
559.631 	0.373881 	
562.654 	0.0746644 	
565.678 	0.073594 	
2.807 	0 	
5.614 	3674.74 	
8.421 	9595.29 	
11.228 	18408.7 	
14.035 	30216.6 	
16.842 	44971.5 	
19.649 	62640.1 	
22.456 	83191.6 	
25.263 	106594 	
28.07 	132811 	
30.877 	161804 	
33.684 	193532 	
36.491 	227947 	
39.298 	265000 	
42.105 	304639 	
44.912 	346806 	
47.719 	391442 	
50.526 	438484 	
53.333 	487865 	
56.14 	539516 	
58.947 	593366 	
61.754 	649339 	
64.561 	707358 	
67.368 	767343 	
70.175 	829212 	
72.982 	892880 	
75.789 	958261 	
78.596 	1.02527e+06 	
81.403 	1.09381e+06 	
84.21 	1.16379e+06 	
87.017 	1.23513e+06 	
89.824 	1.30772e+06 	
92.631 	1.38147e+06 	
95.438 	1.45628e+06 	
98.245 	1.53207e+06 	
101.052 	1.60872e+06 	
103.859 	1.68615e+06 	
106.666 	1.76426e+06 	
109.473 	1.84293e+06 	
112.28 	1.92209e+06 	
115.087 	2.00162e+06 	
117.894 	2.08143e+06 	
120.701 	2.16141e+06 	
123.508 	2.24148e+06 	
126.315 	2.32154e+06 	
129.122 	2.40148e+06 	
131.929 	2.48121e+06 	
134.736 	2.56063e+06 	
137.543 	2.63967e+06 	
140.35 	2.71821e+06 	
143.157 	2.79617e+06 	
145.964 	2.87346e+06 	
148.771 	2.94998e+06 	
151.578 	3.02555e+06 	
154.385 	3.10013e+06 	
157.192 	3.17367e+06 	
159.999 	3.24609e+06 	
162.806 	3.31732e+06 	
165.613 	3.38729e+06 	
168.42 	3.45591e+06 	
171.227 	3.52311e+06 	
174.034 	3.58881e+06 	
176.841 	3.65296e+06 	
179.648 	3.71547e+06 	
182.455 	3.7763e+06 	
185.262 	3.83536e+06 	
188.069 	3.8926e+06 	
190.876 	3.94797e+06 	
193.683 	4.00139e+06 	
196.49 	4.05283e+06 	
199.297 	4.10223e+06 	
202.104 	4.14953e+06 	
204.911 	4.1947e+06 	
207.718 	4.23769e+06 	
210.525 	4.27846e+06 	
213.332 	4.31696e+06 	
216.139 	4.35317e+06 	
218.946 	4.38704e+06 	
221.753 	4.41855e+06 	
224.56 	4.44766e+06 	
227.367 	4.47435e+06 	
230.174 	4.4986e+06 	
232.981 	4.52039e+06 	
235.788 	4.53968e+06 	
238.595 	4.55648e+06 	
241.402 	4.57077e+06 	
244.209 	4.58252e+06 	
247.016 	4.59174e+06 	
249.823 	4.59842e+06 	
252.63 	4.60255e+06 	
255.437 	4.60412e+06 	
258.244 	4.60314e+06 	
261.051 	4.59961e+06 	
263.858 	4.59353e+06 	
266.665 	4.58492e+06 	
269.472 	4.57379e+06 	
272.279 	4.56014e+06 	
275.086 	4.54399e+06 	
277.893 	4.52535e+06 	
280.7 	4.50424e+06 	
283.507 	4.48067e+06 	
286.314 	4.45467e+06 	
289.121 	4.42626e+06 	
291.928 	4.39546e+06 	
294.735 	4.36232e+06 	
297.542 	4.32686e+06 	
300.349 	4.28911e+06 	
303.156 	4.24912e+06 	
305.963 	4.20691e+06 	
308.77 	4.16252e+06 	
311.577 	4.11599e+06 	
314.384 	4.06736e+06 	
317.191 	4.01666e+06 	
319.998 	3.96395e+06 	
322.805 	3.90927e+06 	
325.612 	3.85268e+06 	
328.419 	3.79425e+06 	
331.226 	3.73403e+06 	
334.033 	3.67209e+06 	
336.84 	3.6085e+06 	
339.647 	3.54332e+06 	
342.454 	3.47663e+06 	
345.261 	3.4085e+06 	
348.068 	3.339e+06 	
350.875 	3.26823e+06 	
353.682 	3.19655e+06 	
356.489 	3.08889e+06 	
359.296 	3.01732e+06 	
362.103 	2.94556e+06 	
364.91 	2.8736e+06 	
367.717 	2.80146e+06 	
370.524 	2.7289e+06 	
373.331 	2.65476e+06 	
376.138 	2.57912e+06 	
378.945 	2.50208e+06 	
381.752 	2.42196e+06 	
384.559 	2.33832e+06 	
387.366 	2.24918e+06 	
390.173 	2.15443e+06 	
392.98 	2.053e+06 	
395.787 	1.94233e+06 	
398.594 	1.82228e+06 	
401.401 	1.69148e+06 	
404.208 	1.55112e+06 	
407.015 	1.40181e+06 	
409.822 	1.24531e+06 	
412.629 	1.10641e+06 	
415.436 	1.03739e+06 	
418.243 	979424 	
421.05 	927199 	
423.857 	879767 	
426.664 	836323 	
429.471 	796178 	
432.278 	758745 	
435.085 	723521 	
437.892 	690076 	
440.699 	658045 	
443.506 	627118 	
446.313 	597038 	
449.12 	567575 	
451.927 	538385 	
454.734 	509375 	
457.541 	480399 	
460.348 	451371 	
463.155 	422180 	
465.962 	392791 	
468.769 	363234 	
471.576 	333609 	
474.383 	304046 	
477.19 	274679 	
479.997 	245719 	
482.804 	217456 	
485.611 	190153 	
488.418 	164101 	
491.225 	139594 	
494.032 	116902 	
496.845 	97123.3 	
499.691 	82720.8 	
502.57 	68339.9 	
505.479 	54446.7 	
508.413 	41573.6 	
511.37 	30277.5 	
514.346 	20944.4 	
517.335 	13730.9 	
520.336 	8523.51 	
523.345 	5012.65 	
526.359 	2796.97 	
529.378 	1483.3 	
532.398 	748.864 	
535.42 	360.547 	
538.443 	165.732 	
541.467 	72.7672 	
544.491 	30.4965 	
547.514 	12.1759 	
550.538 	4.60993 	
553.562 	1.63959 	
556.585 	0.537612 	
559.609 	0.155238 	
562.633 	0.033955 	
565.657 	0.0334682 	
2.807 	0 	
5.614 	1972.17 	
8.421 	5149.36 	
11.228 	9879.11 	
14.035 	16216.1 	
16.842 	24135 	
19.649 	33618.2 	
22.456 	44649.3 	
25.263 	57211.1 	
28.07 	71285 	
30.877 	86850.1 	
33.684 	103884 	
36.491 	122362 	
39.298 	142259 	
42.105 	163545 	
44.912 	186191 	
47.719 	210164 	
50.526 	235433 	
53.333 	261960 	
56.14 	289710 	
58.947 	318644 	
61.754 	348723 	
64.561 	379905 	
67.368 	412148 	
70.175 	445408 	
72.982 	479641 	
75.789 	514800 	
78.596 	550838 	
81.403 	587708 	
84.21 	625361 	
87.017 	663748 	
89.824 	702818 	
92.631 	742520 	
95.438 	782804 	
98.245 	823617 	
101.052 	864908 	
103.859 	906625 	
106.666 	948714 	
109.473 	991123 	
112.28 	1.0338e+06 	
115.087 	1.07669e+06 	
117.894 	1.11974e+06 	
120.701 	1.1629e+06 	
123.508 	1.20612e+06 	
126.315 	1.24934e+06 	
129.122 	1.29251e+06 	
131.929 	1.33558e+06 	
134.736 	1.37851e+06 	
137.543 	1.42123e+06 	
140.35 	1.4637e+06 	
143.157 	1.50587e+06 	
145.964 	1.5477e+06 	
148.771 	1.58913e+06 	
151.578 	1.63011e+06 	
154.385 	1.67061e+06 	
157.192 	1.71058e+06 	
159.999 	1.74996e+06 	
162.806 	1.78873e+06 	
165.613 	1.82683e+06 	
168.42 	1.86422e+06 	
171.227 	1.90087e+06 	
174.034 	1.93673e+06 	
176.841 	1.97177e+06 	
179.648 	2.00595e+06 	
182.455 	2.03924e+06 	
185.262 	2.07159e+06 	
188.069 	2.10298e+06 	
190.876 	2.13337e+06 	
193.683 	2.16274e+06 	
196.49 	2.19104e+06 	
199.297 	2.21826e+06 	
202.104 	2.24437e+06 	
204.911 	2.26933e+06 	
207.718 	2.29313e+06 	
210.525 	2.31575e+06 	
213.332 	2.33715e+06 	
216.139 	2.35732e+06 	
218.946 	2.37624e+06 	
221.753 	2.39389e+06 	
224.56 	2.41026e+06 	
227.367 	2.42532e+06 	
230.174 	2.43907e+06 	
232.981 	2.45149e+06 	
235.788 	2.46257e+06 	
238.595 	2.4723e+06 	
241.402 	2.48068e+06 	
244.209 	2.48769e+06 	
247.016 	2.49332e+06 	
249.823 	2.49758e+06 	
252.63 	2.50045e+06 	
255.437 	2.50195e+06 	
258.244 	2.50206e+06 	
261.051 	2.50078e+06 	
263.858 	2.49812e+06 	
266.665 	2.49407e+06 	
269.472 	2.48866e+06 	
272.279 	2.48186e+06 	
275.086 	2.47371e+06 	
277.893 	2.46419e+06 	
280.7 	2.45333e+06 	
283.507 	2.44113e+06 	
286.314 	2.4276e+06 	
289.121 	2.41275e+06 	
291.928 	2.39659e+06 	
294.735 	2.37915e+06 	
297.542 	2.36043e+06 	
300.349 	2.34046e+06 	
303.156 	2.31925e+06 	
305.963 	2.29683e+06 	
308.77 	2.27321e+06 	
311.577 	2.24841e+06 	
314.384 	2.22246e+06 	
317.191 	2.19539e+06 	
319.998 	2.16721e+06 	
322.805 	2.13796e+06 	
325.612 	2.10765e+06 	
328.419 	2.07633e+06 	
331.226 	2.04402e+06 	
334.033 	2.01075e+06 	
336.84 	1.97656e+06 	
339.647 	1.9415e+06 	
342.454 	1.90567e+06 	
345.261 	1.86916e+06 	
348.068 	1.83206e+06 	
350.875 	1.79438e+06 	
353.682 	1.75613e+06 	
356.489 	1.69804e+06 	
359.296 	1.65915e+06 	
362.103 	1.61976e+06 	
364.91 	1.57989e+06 	
367.717 	1.53954e+06 	
370.524 	1.49848e+06 	
373.331 	1.45584e+06 	
376.138 	1.41175e+06 	
378.945 	1.36604e+06 	
381.752 	1.31778e+06 	
384.559 	1.2666e+06 	
387.366 	1.21219e+06 	
390.173 	1.15382e+06 	
392.98 	1.09103e+06 	
395.787 	1.02367e+06 	
398.594 	951197 	
401.401 	873916 	
404.208 	791964 	
407.015 	706694 	
409.822 	619354 	
412.629 	543656 	
415.436 	505861 	
418.243 	474736 	
421.05 	446587 	
423.857 	420934 	
426.664 	397371 	
429.471 	375555 	
432.278 	355197 	
435.085 	336051 	
437.892 	317908 	
440.699 	300528 	
443.506 	283740 	
446.313 	267446 	
449.12 	251511 	
451.927 	235856 	
454.734 	220378 	
457.541 	205068 	
460.348 	189907 	
463.155 	174890 	
465.962 	160040 	
468.769 	145410 	
471.576 	131061 	
474.383 	117065 	
477.19 	103540 	
479.997 	90600.2 	
482.804 	78343.8 	
485.611 	66891.5 	
488.418 	56344.1 	
491.225 	46762.4 	
494.032 	38205 	
496.844 	30926.2 	
499.69 	25727.6 	
502.569 	20756.5 	
505.477 	16149.1 	
508.411 	12049.9 	
511.368 	8586.46 	
514.343 	5824.13 	
517.333 	3756.03 	
520.334 	2302.91 	
523.343 	1344.27 	
526.357 	748.681 	
529.376 	398.752 	
532.396 	203.536 	
535.418 	99.7331 	
538.441 	46.9657 	
541.465 	21.2669 	
544.488 	9.25211 	
547.512 	3.85771 	
550.536 	1.53438 	
553.56 	0.576508 	
556.583 	0.200642 	
559.607 	0.0617896 	
562.631 	0.0144768 	
565.655 	0.0142693 	
2.807 	0 	
5.614 	952.044 	
8.421 	2485.81 	
11.228 	4769.1 	
14.035 	7828.36 	
16.842 	11651.4 	
19.649 	16229.9 	
22.456 	21556 	
25.263 	27621.5 	
28.07 	34417.4 	
30.877 	41934.1 	
33.684 	50160.7 	
36.491 	59085.7 	
39.298 	68696.3 	
42.105 	78979.3 	
44.912 	89920.3 	
47.719 	101504 	
50.526 	113715 	
53.333 	126536 	
56.14 	139949 	
58.947 	153937 	
61.754 	168480 	
64.561 	183559 	
67.368 	199153 	
70.175 	215243 	
72.982 	231805 	
75.789 	248820 	
78.596 	266263 	
81.403 	284113 	
84.21 	302346 	
87.017 	320938 	
89.824 	339866 	
92.631 	359106 	
95.438 	378633 	
98.245 	398422 	
101.052 	418449 	
103.859 	438688 	
106.666 	459115 	
109.473 	479704 	
112.28 	500430 	
115.087 	521267 	
117.894 	542192 	
120.701 	563177 	
123.508 	584199 	
126.315 	605232 	
129.122 	626251 	
131.929 	647232 	
134.736 	668151 	
137.543 	688983 	
140.35 	709704 	
143.157 	730291 	
145.964 	750720 	
148.771 	770969 	
151.578 	791014 	
154.385 	810834 	
157.192 	830407 	
159.999 	849710 	
162.806 	868724 	
165.613 	887428 	
168.42 	905801 	
171.227 	923823 	
174.034 	941477 	
176.841 	958743 	
179.648 	975602 	
182.455 	992038 	
185.262 	1.00803e+06 	
188.069 	1.02357e+06 	
190.876 	1.03864e+06 	
193.683 	1.05321e+06 	
196.49 	1.06729e+06 	
199.297 	1.08084e+06 	
202.104 	1.09387e+06 	
204.911 	1.10635e+06 	
207.718 	1.11827e+06 	
210.525 	1.12963e+06 	
213.332 	1.1404e+06 	
216.139 	1.15059e+06 	
218.946 	1.16017e+06 	
221.753 	1.16915e+06 	
224.56 	1.1775e+06 	
227.367 	1.18523e+06 	
230.174 	1.19233e+06 	
232.981 	1.19879e+06 	
235.788 	1.2046e+06 	
238.595 	1.20975e+06 	
241.402 	1.21425e+06 	
244.209 	1.21809e+06 	
247.016 	1.22126e+06 	
249.823 	1.22375e+06 	
252.63 	1.22556e+06 	
255.437 	1.22668e+06 	
258.244 	1.22711e+06 	
261.051 	1.22685e+06 	
263.858 	1.22593e+06 	
266.665 	1.22432e+06 	
269.472 	1.22204e+06 	
272.279 	1.21909e+06 	
275.086 	1.21546e+06 	
277.893 	1.21117e+06 	
280.7 	1.20621e+06 	
283.507 	1.2006e+06 	
286.314 	1.19433e+06 	
289.121 	1.1874e+06 	
291.928 	1.17984e+06 	
294.735 	1.17163e+06 	
297.542 	1.16279e+06 	
300.349 	1.15333e+06 	
303.156 	1.14326e+06 	
305.963 	1.13258e+06 	
308.77 	1.12131e+06 	
311.577 	1.10944e+06 	
314.384 	1.09701e+06 	
317.191 	1.08401e+06 	
319.998 	1.07045e+06 	
322.805 	1.05636e+06 	
325.612 	1.04173e+06 	
328.419 	1.0266e+06 	
331.226 	1.01097e+06 	
334.033 	994848 	
336.84 	978263 	
339.647 	961237 	
342.454 	943812 	
345.261 	926041 	
348.068 	907958 	
350.875 	889572 	
353.682 	870890 	
356.489 	842459 	
359.296 	823143 	
362.103 	803306 	
364.91 	782972 	
367.717 	762167 	
370.524 	740915 	
373.331 	718547 	
376.138 	695135 	
378.945 	670620 	
381.752 	644626 	
384.559 	616715 	
387.366 	587055 	
390.173 	555416 	
392.98 	521670 	
395.787 	485562 	
398.594 	447156 	
401.401 	406830 	
404.208 	364819 	
407.015 	321664 	
409.822 	278302 	
412.629 	241440 	
415.436 	222980 	
418.243 	207955 	
421.05 	194328 	
423.857 	181888 	
426.664 	170450 	
429.471 	159861 	
432.278 	149955 	
435.085 	140615 	
437.892 	131759 	
440.699 	123311 	
443.506 	115184 	
446.313 	107341 	
449.12 	99722.7 	
451.927 	92315.3 	
454.734 	85094.4 	
457.541 	78044.1 	
460.348 	71163.9 	
463.155 	64480.9 	
465.962 	58011.3 	
468.769 	51779.2 	
471.576 	45815.4 	
474.383 	40153.8 	
477.19 	34829 	
479.997 	29873.4 	
482.804 	25315.4 	
485.611 	21182.1 	
488.418 	17484.6 	
491.225 	14225.2 	
494.032 	11400.9 	
496.843 	9056.2 	
499.689 	7402.62 	
502.568 	5871.48 	
505.476 	4494.31 	
508.411 	3303.65 	
511.368 	2322.45 	
514.343 	1558.05 	
517.333 	996.503 	
520.334 	608.089 	
523.342 	354.798 	
526.357 	198.37 	
529.375 	106.543 	
532.396 	55.1164 	
535.418 	27.507 	
538.441 	13.2603 	
541.464 	6.17375 	
544.488 	2.7738 	
547.512 	1.19973 	
550.535 	0.496967 	
553.559 	0.19519 	
556.583 	0.0712796 	
559.607 	0.0231056 	
562.63 	0.00571452 	
565.654 	0.00563259 	
