4.11228 	0 	
8.22455 	0 	
12.3368 	0 	
16.4491 	0 	
20.5614 	0 	
24.6737 	0 	
28.7859 	0 	
32.8982 	0 	
37.0105 	0 	
41.1228 	0 	
45.235 	0 	
49.3473 	0 	
53.4596 	0 	
57.5719 	0 	
61.6842 	0 	
65.7964 	0 	
69.9087 	0 	
74.021 	0 	
78.1333 	0 	
82.2455 	0 	
86.3578 	0 	
90.4701 	0 	
94.5824 	0 	
98.6947 	0 	
102.807 	0 	
106.919 	0 	
111.031 	0 	
115.144 	0 	
119.256 	0 	
123.368 	0 	
127.481 	0 	
131.593 	0 	
135.705 	0 	
139.817 	0 	
143.93 	0 	
148.042 	0 	
152.154 	0 	
156.267 	0 	
160.379 	0 	
164.491 	0 	
168.603 	0 	
172.716 	0 	
176.828 	0 	
180.94 	0 	
185.052 	0 	
189.165 	0 	
193.277 	0 	
197.389 	0 	
201.502 	0 	
205.614 	0 	
209.726 	0 	
213.838 	0 	
217.951 	0 	
222.063 	0 	
226.175 	0 	
230.288 	0 	
234.4 	0 	
238.512 	0 	
242.624 	0 	
246.737 	0 	
250.849 	0 	
254.961 	0 	
259.073 	0 	
263.186 	0 	
267.298 	0 	
271.41 	0 	
275.523 	0 	
279.635 	0 	
283.747 	0 	
287.859 	0 	
291.972 	0 	
296.084 	0 	
300.196 	0 	
304.309 	0 	
308.421 	0 	
312.533 	0 	
316.645 	0 	
320.758 	0 	
324.87 	0 	
328.982 	0 	
333.094 	0 	
337.207 	0 	
341.319 	0 	
345.431 	0 	
349.544 	0 	
353.656 	0 	
357.768 	0 	
361.88 	0 	
365.993 	0 	
370.105 	0 	
374.217 	0 	
378.33 	0 	
382.442 	0 	
386.554 	0 	
390.666 	0 	
394.779 	0 	
398.891 	0 	
403.003 	0 	
407.115 	0 	
411.228 	0 	
415.34 	0 	
419.452 	0 	
423.565 	0 	
427.677 	0 	
431.789 	0 	
435.901 	0 	
440.014 	0 	
444.126 	0 	
448.238 	0 	
452.35 	0 	
456.463 	0 	
460.575 	0 	
464.687 	0 	
468.8 	0 	
472.912 	0 	
477.024 	0 	
481.136 	0 	
485.249 	0 	
489.361 	0 	
493.473 	0 	
497.586 	0 	
501.698 	0 	
505.81 	0 	
509.922 	0 	
514.035 	0 	
518.147 	0 	
522.259 	0 	
526.371 	0 	
530.484 	0 	
534.596 	0 	
538.708 	0 	
542.821 	0 	
546.933 	0 	
551.045 	0 	
555.157 	0 	
559.27 	0 	
563.382 	0 	
567.494 	0 	
571.607 	0 	
575.719 	0 	
579.831 	0 	
583.943 	0 	
588.056 	0 	
592.168 	0 	
596.28 	0 	
600.392 	0 	
604.505 	0 	
608.617 	0 	
612.729 	0 	
616.842 	0 	
620.954 	0 	
625.066 	0 	
629.178 	0 	
633.291 	0 	
637.403 	0 	
641.515 	0 	
645.628 	0 	
649.74 	0 	
653.852 	0 	
657.964 	0 	
662.077 	0 	
666.189 	0 	
670.301 	0 	
674.413 	0 	
678.526 	0 	
682.638 	0 	
686.75 	0 	
690.863 	0 	
694.975 	0 	
699.087 	0 	
703.199 	0 	
707.312 	0 	
711.424 	0 	
715.536 	0 	
719.649 	0 	
723.761 	0 	
727.873 	0 	
731.985 	0 	
736.098 	0 	
740.21 	0 	
744.322 	0 	
748.434 	0 	
752.547 	0 	
756.659 	0 	
760.771 	0 	
764.884 	0 	
768.996 	0 	
773.108 	0 	
777.22 	0 	
781.333 	0 	
785.445 	0 	
789.557 	0 	
793.67 	0 	
797.782 	0 	
801.894 	0 	
806.006 	0 	
810.119 	0 	
814.231 	0 	
818.343 	0 	
822.455 	0 	
3.8175 	0 	
7.635 	6280.3 	
11.4525 	16412.9 	
15.27 	31508.1 	
19.0875 	51730.1 	
22.905 	76986.6 	
26.7225 	107218 	
30.54 	142375 	
34.3575 	182403 	
38.175 	227244 	
41.9925 	276830 	
45.81 	331089 	
49.6275 	389938 	
53.445 	453290 	
57.2625 	521052 	
61.08 	593123 	
64.8975 	669399 	
68.715 	749767 	
72.5325 	834111 	
76.35 	922307 	
80.1675 	1.01423e+06 	
83.985 	1.10974e+06 	
87.8025 	1.20871e+06 	
91.62 	1.31099e+06 	
95.4375 	1.41643e+06 	
99.255 	1.52489e+06 	
103.073 	1.6362e+06 	
106.89 	1.75022e+06 	
110.707 	1.86678e+06 	
114.525 	1.98571e+06 	
118.343 	2.10685e+06 	
122.16 	2.23003e+06 	
125.978 	2.35508e+06 	
129.795 	2.48182e+06 	
133.613 	2.61009e+06 	
137.43 	2.73969e+06 	
141.248 	2.87045e+06 	
145.065 	3.00219e+06 	
148.882 	3.13473e+06 	
152.7 	3.26788e+06 	
156.518 	3.40147e+06 	
160.335 	3.53531e+06 	
164.153 	3.66923e+06 	
167.97 	3.80304e+06 	
171.787 	3.93658e+06 	
175.605 	4.06965e+06 	
179.423 	4.20209e+06 	
183.24 	4.33371e+06 	
187.058 	4.46433e+06 	
190.875 	4.59378e+06 	
194.692 	4.7219e+06 	
198.51 	4.8485e+06 	
202.327 	4.97343e+06 	
206.145 	5.09653e+06 	
209.963 	5.21765e+06 	
213.78 	5.33662e+06 	
217.597 	5.45329e+06 	
221.415 	5.5675e+06 	
225.232 	5.67909e+06 	
229.05 	5.78794e+06 	
232.868 	5.89388e+06 	
236.685 	5.99679e+06 	
240.502 	6.09654e+06 	
244.32 	6.193e+06 	
248.137 	6.286e+06 	
251.955 	6.37542e+06 	
255.773 	6.46119e+06 	
259.59 	6.5432e+06 	
263.408 	6.62132e+06 	
267.225 	6.69547e+06 	
271.043 	6.76553e+06 	
274.86 	6.83141e+06 	
278.678 	6.89304e+06 	
282.495 	6.95033e+06 	
286.312 	7.00321e+06 	
290.13 	7.05161e+06 	
293.947 	7.09545e+06 	
297.765 	7.13465e+06 	
301.582 	7.16916e+06 	
305.4 	7.19892e+06 	
309.217 	7.22387e+06 	
313.035 	7.24398e+06 	
316.853 	7.25921e+06 	
320.67 	7.26954e+06 	
324.488 	7.27495e+06 	
328.305 	7.27541e+06 	
332.123 	7.27088e+06 	
335.94 	7.26134e+06 	
339.757 	7.24678e+06 	
343.575 	7.22718e+06 	
347.392 	7.20255e+06 	
351.21 	7.1729e+06 	
355.027 	7.13823e+06 	
358.845 	7.09858e+06 	
362.663 	7.05396e+06 	
366.48 	7.00441e+06 	
370.298 	6.94992e+06 	
374.115 	6.89053e+06 	
377.933 	6.82626e+06 	
381.75 	6.75713e+06 	
385.567 	6.68319e+06 	
389.385 	6.60451e+06 	
393.202 	6.52112e+06 	
397.02 	6.4331e+06 	
400.837 	6.34052e+06 	
404.655 	6.24345e+06 	
408.473 	6.14197e+06 	
412.29 	6.03616e+06 	
416.108 	5.92608e+06 	
419.925 	5.81182e+06 	
423.743 	5.69352e+06 	
427.56 	5.57307e+06 	
431.377 	5.4531e+06 	
435.195 	5.3403e+06 	
439.012 	5.24189e+06 	
442.83 	5.17689e+06 	
446.647 	5.17463e+06 	
450.465 	5.26267e+06 	
454.283 	5.45252e+06 	
458.1 	5.71253e+06 	
461.918 	5.8281e+06 	
465.735 	5.966e+06 	
469.553 	6.0653e+06 	
473.37 	6.16596e+06 	
477.188 	6.25144e+06 	
481.005 	6.30983e+06 	
484.822 	6.3351e+06 	
488.64 	6.32703e+06 	
492.457 	6.28928e+06 	
496.275 	6.22799e+06 	
500.092 	6.14819e+06 	
503.91 	6.05547e+06 	
507.728 	5.95386e+06 	
511.545 	5.84746e+06 	
515.362 	5.73695e+06 	
519.18 	5.62411e+06 	
522.997 	5.51023e+06 	
526.815 	5.39547e+06 	
530.633 	5.27999e+06 	
534.45 	5.16394e+06 	
538.268 	5.04749e+06 	
542.085 	4.93075e+06 	
545.903 	4.81385e+06 	
549.72 	4.69685e+06 	
553.538 	4.57983e+06 	
557.355 	4.46286e+06 	
561.173 	4.34603e+06 	
564.99 	4.22939e+06 	
568.808 	4.11304e+06 	
572.625 	3.99705e+06 	
576.442 	3.88151e+06 	
580.26 	3.76648e+06 	
584.077 	3.65206e+06 	
587.895 	3.53831e+06 	
591.712 	3.42531e+06 	
595.53 	3.31315e+06 	
599.347 	3.2019e+06 	
603.165 	3.09163e+06 	
606.982 	2.98243e+06 	
610.8 	2.87437e+06 	
614.617 	2.76752e+06 	
618.435 	2.66195e+06 	
622.253 	2.55775e+06 	
626.07 	2.45498e+06 	
629.888 	2.35371e+06 	
633.705 	2.25402e+06 	
637.523 	2.15596e+06 	
641.34 	2.05958e+06 	
645.158 	1.96493e+06 	
648.975 	1.87207e+06 	
652.793 	1.78105e+06 	
656.61 	1.69193e+06 	
660.428 	1.60475e+06 	
664.245 	1.51957e+06 	
668.062 	1.43641e+06 	
671.88 	1.35533e+06 	
675.697 	1.27634e+06 	
679.515 	1.19948e+06 	
683.332 	1.12478e+06 	
687.15 	1.05225e+06 	
690.967 	981898 	
694.785 	913740 	
698.602 	847454 	
702.42 	783100 	
706.237 	720344 	
710.055 	658746 	
713.872 	597321 	
717.69 	534732 	
721.539 	486652 	
725.455 	445759 	
729.433 	381561 	
733.466 	290304 	
737.538 	181702 	
741.634 	84901.3 	
745.741 	26936.1 	
749.852 	5400.34 	
753.964 	655.11 	
758.076 	46.4681 	
762.188 	1.71734 	
766.301 	1.69262 	
3.8175 	0 	
7.635 	233.954 	
11.4525 	610.982 	
15.27 	1172.46 	
19.0875 	1924.86 	
22.905 	2864.9 	
26.7225 	3990.41 	
30.54 	5299.4 	
34.3575 	6789.86 	
38.175 	8459.55 	
41.9925 	10306 	
45.81 	12326.6 	
49.6275 	14518.3 	
53.445 	16878 	
57.2625 	19402.2 	
61.08 	22087.3 	
64.8975 	24929.3 	
68.715 	27924.3 	
72.5325 	31068 	
76.35 	34355.7 	
80.1675 	37782.9 	
83.985 	41344.6 	
87.8025 	45035.9 	
91.62 	48851.4 	
95.4375 	52785.9 	
99.255 	56833.7 	
103.073 	60989.2 	
106.89 	65246.5 	
110.707 	69599.8 	
114.525 	74043.1 	
118.343 	78570.1 	
122.16 	83174.8 	
125.978 	87850.7 	
129.795 	92591.5 	
133.613 	97390.7 	
137.43 	102242 	
141.248 	107138 	
145.065 	112072 	
148.882 	117039 	
152.7 	122031 	
156.518 	127041 	
160.335 	132063 	
164.153 	137090 	
167.97 	142116 	
171.787 	147133 	
175.605 	152136 	
179.423 	157118 	
183.24 	162072 	
187.058 	166991 	
190.875 	171869 	
194.692 	176700 	
198.51 	181478 	
202.327 	186195 	
206.145 	190847 	
209.963 	195428 	
213.78 	199931 	
217.597 	204350 	
221.415 	208681 	
225.232 	212916 	
229.05 	217051 	
232.868 	221081 	
236.685 	225000 	
240.502 	228803 	
244.32 	232486 	
248.137 	236043 	
251.955 	239471 	
255.773 	242764 	
259.59 	245919 	
263.408 	248931 	
267.225 	251796 	
271.043 	254511 	
274.86 	257071 	
278.678 	259474 	
282.495 	261716 	
286.312 	263794 	
290.13 	265706 	
293.947 	267448 	
297.765 	269017 	
301.582 	270411 	
305.4 	271629 	
309.217 	272667 	
313.035 	273524 	
316.853 	274199 	
320.67 	274691 	
324.488 	274997 	
328.305 	275116 	
332.123 	275048 	
335.94 	274792 	
339.757 	274346 	
343.575 	273711 	
347.392 	272885 	
351.21 	271870 	
355.027 	270666 	
358.845 	269272 	
362.663 	267689 	
366.48 	265918 	
370.298 	263959 	
374.115 	261813 	
377.933 	259480 	
381.75 	256962 	
385.567 	254261 	
389.385 	251378 	
393.202 	248315 	
397.02 	245074 	
400.837 	241658 	
404.655 	238069 	
408.473 	234348 	
412.29 	230524 	
416.108 	226594 	
419.925 	222553 	
423.743 	218452 	
427.56 	214635 	
431.377 	211135 	
435.195 	208253 	
439.012 	206334 	
442.83 	205646 	
446.647 	206141 	
450.465 	207405 	
454.283 	208425 	
458.1 	207492 	
461.918 	201024 	
465.735 	199303 	
469.553 	197962 	
473.37 	197301 	
477.188 	196977 	
481.005 	196721 	
484.822 	196371 	
488.64 	195714 	
492.457 	194739 	
496.275 	193341 	
500.092 	191517 	
503.91 	189282 	
507.728 	186707 	
511.545 	183877 	
515.362 	180807 	
519.18 	177543 	
522.997 	174180 	
526.815 	170727 	
530.633 	167189 	
534.45 	163573 	
538.268 	159887 	
542.085 	156189 	
545.903 	152486 	
549.72 	148779 	
553.538 	145072 	
557.355 	141367 	
561.173 	137665 	
564.99 	133970 	
568.808 	130284 	
572.625 	126610 	
576.442 	122950 	
580.26 	119306 	
584.077 	115681 	
587.895 	112077 	
591.712 	108498 	
595.53 	104944 	
599.347 	101420 	
603.165 	97926.7 	
606.982 	94467.3 	
610.8 	91043.9 	
614.617 	87658.9 	
618.435 	84314.7 	
622.253 	81013.7 	
626.07 	77758 	
629.888 	74550 	
633.705 	71391.9 	
637.523 	68285.6 	
641.34 	65232.4 	
645.158 	62234.1 	
648.975 	59292.6 	
652.793 	56409.5 	
656.61 	53586.5 	
660.428 	50825.1 	
664.245 	48126.8 	
668.062 	45489.3 	
671.88 	42901.9 	
675.697 	40368.4 	
679.515 	37891.2 	
683.332 	35450.7 	
687.15 	33042.6 	
690.967 	30646 	
694.785 	28231.5 	
698.602 	25767.4 	
702.42 	23219 	
706.237 	20552.4 	
710.055 	17751.2 	
713.872 	14830.6 	
717.69 	11855.9 	
721.508 	8950.85 	
725.38 	6678.08 	
729.339 	4609.46 	
733.366 	2629.38 	
737.438 	1174.55 	
741.533 	399.093 	
745.64 	102.664 	
749.751 	20.0978 	
753.863 	2.99156 	
757.976 	0.329275 	
762.088 	0.0234413 	
766.2 	0.0231038 	
3.8175 	0 	
7.635 	7.68897 	
11.4525 	20.0754 	
15.27 	38.5161 	
19.0875 	63.2254 	
22.905 	94.1046 	
26.7225 	131.084 	
30.54 	174.101 	
34.3575 	223.088 	
38.175 	277.973 	
41.9925 	338.676 	
45.81 	405.109 	
49.6275 	477.178 	
53.445 	554.78 	
57.2625 	637.806 	
61.08 	726.137 	
64.8975 	819.649 	
68.715 	918.212 	
72.5325 	1021.69 	
76.35 	1129.93 	
80.1675 	1242.79 	
83.985 	1360.11 	
87.8025 	1481.73 	
91.62 	1607.48 	
95.4375 	1737.19 	
99.255 	1870.67 	
103.073 	2007.76 	
106.89 	2148.25 	
110.707 	2291.97 	
114.525 	2438.71 	
118.343 	2588.29 	
122.16 	2740.49 	
125.978 	2895.11 	
129.795 	3051.95 	
133.613 	3210.8 	
137.43 	3371.44 	
141.248 	3533.66 	
145.065 	3697.26 	
148.882 	3862 	
152.7 	4027.69 	
156.518 	4194.1 	
160.335 	4361.01 	
164.153 	4528.2 	
167.97 	4695.47 	
171.787 	4862.59 	
175.605 	5029.34 	
179.423 	5195.47 	
183.24 	5360.7 	
187.058 	5524.75 	
190.875 	5687.34 	
194.692 	5848.29 	
198.51 	6007.56 	
202.327 	6164.94 	
206.145 	6320.24 	
209.963 	6473.26 	
213.78 	6623.8 	
217.597 	6771.66 	
221.415 	6916.67 	
225.232 	7058.64 	
229.05 	7197.37 	
232.868 	7332.69 	
236.685 	7464.44 	
240.502 	7592.46 	
244.32 	7716.57 	
248.137 	7836.62 	
251.955 	7952.46 	
255.773 	8063.93 	
259.59 	8170.89 	
263.408 	8273.2 	
267.225 	8370.71 	
271.043 	8463.31 	
274.86 	8550.87 	
278.678 	8633.27 	
282.495 	8710.41 	
286.312 	8782.18 	
290.13 	8848.48 	
293.947 	8909.2 	
297.765 	8964.24 	
301.582 	9013.52 	
305.4 	9056.96 	
309.217 	9094.5 	
313.035 	9126.06 	
316.853 	9151.6 	
320.67 	9171.05 	
324.488 	9184.36 	
328.305 	9191.49 	
332.123 	9192.38 	
335.94 	9187 	
339.757 	9175.33 	
343.575 	9157.33 	
347.392 	9133 	
351.21 	9102.33 	
355.027 	9065.33 	
358.845 	9021.98 	
362.663 	8972.31 	
366.48 	8916.31 	
370.298 	8853.98 	
374.115 	8785.35 	
377.933 	8710.45 	
381.75 	8629.3 	
385.567 	8541.95 	
389.385 	8448.44 	
393.202 	8348.85 	
397.02 	8243.22 	
400.837 	8131.63 	
404.655 	8014.14 	
408.473 	7894.92 	
412.29 	7776.9 	
416.108 	7659.63 	
419.925 	7542.72 	
423.743 	7425.79 	
427.56 	7321.34 	
431.377 	7228.95 	
435.195 	7149.05 	
439.012 	7088.62 	
442.83 	7037.15 	
446.647 	6981.01 	
450.465 	6897.46 	
454.283 	6754.46 	
458.1 	6511.51 	
461.918 	6131.6 	
465.735 	5972.07 	
469.553 	5851.09 	
473.37 	5758.2 	
477.188 	5685.06 	
481.005 	5625.54 	
484.822 	5572.98 	
488.64 	5523.4 	
492.457 	5472.98 	
496.275 	5420.65 	
500.092 	5363.91 	
503.91 	5302.91 	
507.728 	5234.66 	
511.545 	5159.16 	
515.362 	5076.75 	
519.18 	4990.18 	
522.997 	4900.64 	
526.815 	4808.3 	
530.633 	4713.35 	
534.45 	4615.99 	
538.268 	4516.39 	
542.085 	4414.77 	
545.903 	4311.3 	
549.72 	4206.54 	
553.538 	4101.74 	
557.355 	3996.99 	
561.173 	3892.36 	
564.99 	3787.9 	
568.808 	3683.7 	
572.625 	3579.83 	
576.442 	3476.35 	
580.26 	3373.34 	
584.077 	3270.86 	
587.895 	3168.98 	
591.712 	3067.78 	
595.53 	2967.33 	
599.347 	2867.69 	
603.165 	2768.93 	
606.982 	2671.12 	
610.8 	2574.34 	
614.617 	2478.63 	
618.435 	2384.08 	
622.253 	2290.75 	
626.07 	2198.71 	
629.888 	2108.01 	
633.705 	2018.72 	
637.523 	1930.89 	
641.34 	1844.56 	
645.158 	1759.79 	
648.975 	1676.24 	
652.793 	1593.78 	
656.61 	1512.57 	
660.428 	1432.73 	
664.245 	1353.97 	
668.062 	1276 	
671.88 	1198.25 	
675.697 	1120.38 	
679.515 	1042.03 	
683.332 	962.179 	
687.15 	880.298 	
690.967 	795.769 	
694.785 	708.175 	
698.602 	617.688 	
702.42 	525.195 	
706.237 	432.577 	
710.055 	342.647 	
713.872 	258.954 	
717.69 	185.096 	
721.508 	124.034 	
725.377 	81.6365 	
729.335 	49.9871 	
733.362 	25.3954 	
737.434 	10.3439 	
741.53 	3.35948 	
745.636 	0.882323 	
749.747 	0.190146 	
753.859 	0.0336323 	
757.972 	0.00472846 	
762.084 	0.000459096 	
766.196 	0.000452485 	
3.8175 	0 	
7.635 	0.217792 	
11.4525 	0.568669 	
15.27 	1.09105 	
19.0875 	1.791 	
22.905 	2.66574 	
26.7225 	3.7133 	
30.54 	4.93189 	
34.3575 	6.31965 	
38.175 	7.87451 	
41.9925 	9.59424 	
45.81 	11.4764 	
49.6275 	13.5182 	
53.445 	15.7169 	
57.2625 	18.0693 	
61.08 	20.5722 	
64.8975 	23.2219 	
68.715 	26.0149 	
72.5325 	28.9473 	
76.35 	32.015 	
80.1675 	35.2137 	
83.985 	38.539 	
87.8025 	41.9865 	
91.62 	45.5513 	
95.4375 	49.2286 	
99.255 	53.0134 	
103.073 	56.9006 	
106.89 	60.8849 	
110.707 	64.9611 	
114.525 	69.1237 	
118.343 	73.367 	
122.16 	77.6855 	
125.978 	82.0734 	
129.795 	86.5249 	
133.613 	91.0341 	
137.43 	95.5951 	
141.248 	100.202 	
145.065 	104.849 	
148.882 	109.529 	
152.7 	114.237 	
156.518 	118.967 	
160.335 	123.713 	
164.153 	128.468 	
167.97 	133.226 	
171.787 	137.982 	
175.605 	142.729 	
179.423 	147.461 	
183.24 	152.173 	
187.058 	156.857 	
190.875 	161.509 	
194.692 	166.123 	
198.51 	170.692 	
202.327 	175.212 	
206.145 	179.675 	
209.963 	184.078 	
213.78 	188.413 	
217.597 	192.677 	
221.415 	196.863 	
225.232 	200.966 	
229.05 	204.981 	
232.868 	208.903 	
236.685 	212.727 	
240.502 	216.449 	
244.32 	220.063 	
248.137 	223.565 	
251.955 	226.951 	
255.773 	230.216 	
259.59 	233.356 	
263.408 	236.367 	
267.225 	239.245 	
271.043 	241.987 	
274.86 	244.588 	
278.678 	247.045 	
282.495 	249.354 	
286.312 	251.513 	
290.13 	253.519 	
293.947 	255.367 	
297.765 	257.057 	
301.582 	258.584 	
305.4 	259.947 	
309.217 	261.143 	
313.035 	262.17 	
316.853 	263.026 	
320.67 	263.709 	
324.488 	264.216 	
328.305 	264.545 	
332.123 	264.69 	
335.94 	264.646 	
339.757 	264.409 	
343.575 	263.982 	
347.392 	263.374 	
351.21 	262.583 	
355.027 	261.611 	
358.845 	260.456 	
362.663 	259.119 	
366.48 	257.599 	
370.298 	255.896 	
374.115 	254.012 	
377.933 	251.945 	
381.75 	249.698 	
385.567 	247.27 	
389.385 	244.664 	
393.202 	241.88 	
397.02 	238.92 	
400.837 	235.785 	
404.655 	232.478 	
408.473 	229.126 	
412.29 	225.892 	
416.108 	222.798 	
419.925 	219.826 	
423.743 	216.96 	
427.56 	214.184 	
431.377 	211.51 	
435.195 	208.897 	
439.012 	206.226 	
442.83 	203.194 	
446.647 	199.167 	
450.465 	193.586 	
454.283 	185.739 	
458.1 	174.923 	
461.918 	161.437 	
465.735 	155.217 	
469.553 	150.637 	
473.37 	146.881 	
477.188 	143.791 	
481.005 	141.214 	
484.822 	138.947 	
488.64 	136.885 	
492.457 	135.012 	
496.275 	133.229 	
500.092 	131.446 	
503.91 	129.658 	
507.728 	127.857 	
511.545 	125.968 	
515.362 	123.994 	
519.18 	121.94 	
522.997 	119.811 	
526.815 	117.611 	
530.633 	115.344 	
534.45 	113.015 	
538.268 	110.629 	
542.085 	108.19 	
545.903 	105.703 	
549.72 	103.173 	
553.538 	100.604 	
557.355 	98.0351 	
561.173 	95.4692 	
564.99 	92.9077 	
568.808 	90.3524 	
572.625 	87.805 	
576.442 	85.2672 	
580.26 	82.7409 	
584.077 	80.2277 	
587.895 	77.7293 	
591.712 	75.2474 	
595.53 	72.7837 	
599.347 	70.34 	
603.165 	67.9179 	
606.982 	65.5192 	
610.8 	63.1454 	
614.617 	60.7983 	
618.435 	58.4793 	
622.253 	56.1903 	
626.07 	53.9327 	
629.888 	51.7081 	
633.705 	49.4998 	
637.523 	47.3112 	
641.34 	45.1462 	
645.158 	43.0083 	
648.975 	40.8943 	
652.793 	38.7886 	
656.61 	36.6877 	
660.428 	34.5871 	
664.245 	32.4756 	
668.062 	30.3324 	
671.88 	28.1542 	
675.697 	25.9215 	
679.515 	23.6311 	
683.332 	21.2754 	
687.15 	18.8583 	
690.967 	16.4048 	
694.785 	13.945 	
698.602 	11.5312 	
702.42 	9.22923 	
706.237 	7.11189 	
710.055 	5.24617 	
713.872 	3.68412 	
717.69 	2.4491 	
721.508 	1.53374 	
725.377 	0.950341 	
729.335 	0.553176 	
733.362 	0.270831 	
737.434 	0.108696 	
741.529 	0.035874 	
745.636 	0.0099263 	
749.747 	0.00233937 	
753.859 	0.000469057 	
757.972 	7.73011e-05 	
762.084 	9.06941e-06 	
766.196 	8.93882e-06 	
3.8175 	0 	
7.635 	0.00522494 	
11.4525 	0.0136434 	
15.27 	0.0261763 	
19.0875 	0.0429694 	
22.905 	0.0639557 	
26.7225 	0.0890879 	
30.54 	0.118323 	
34.3575 	0.151616 	
38.175 	0.188917 	
41.9925 	0.230172 	
45.81 	0.275323 	
49.6275 	0.324303 	
53.445 	0.377045 	
57.2625 	0.433473 	
61.08 	0.493508 	
64.8975 	0.557066 	
68.715 	0.624057 	
72.5325 	0.69439 	
76.35 	0.767966 	
80.1675 	0.844684 	
83.985 	0.924437 	
87.8025 	1.00712 	
91.62 	1.09261 	
95.4375 	1.1808 	
99.255 	1.27157 	
103.073 	1.36479 	
106.89 	1.46034 	
110.707 	1.5581 	
114.525 	1.65792 	
118.343 	1.75969 	
122.16 	1.86326 	
125.978 	1.9685 	
129.795 	2.07526 	
133.613 	2.18342 	
137.43 	2.29282 	
141.248 	2.40333 	
145.065 	2.5148 	
148.882 	2.62709 	
152.7 	2.74006 	
156.518 	2.85357 	
160.335 	2.96745 	
164.153 	3.08159 	
167.97 	3.19582 	
171.787 	3.31 	
175.605 	3.424 	
179.423 	3.53766 	
183.24 	3.65085 	
187.058 	3.76342 	
190.875 	3.87523 	
194.692 	3.98616 	
198.51 	4.09605 	
202.327 	4.20478 	
206.145 	4.31221 	
209.963 	4.4182 	
213.78 	4.52263 	
217.597 	4.62537 	
221.415 	4.72629 	
225.232 	4.82526 	
229.05 	4.92218 	
232.868 	5.0169 	
236.685 	5.10933 	
240.502 	5.19935 	
244.32 	5.28684 	
248.137 	5.37169 	
251.955 	5.4538 	
255.773 	5.53307 	
259.59 	5.60939 	
263.408 	5.68266 	
267.225 	5.7528 	
271.043 	5.81971 	
274.86 	5.88331 	
278.678 	5.9435 	
282.495 	6.00022 	
286.312 	6.05336 	
290.13 	6.10287 	
293.947 	6.14867 	
297.765 	6.19069 	
301.582 	6.22887 	
305.4 	6.26315 	
309.217 	6.29347 	
313.035 	6.31976 	
316.853 	6.342 	
320.67 	6.36011 	
324.488 	6.37407 	
328.305 	6.38382 	
332.123 	6.38933 	
335.94 	6.39057 	
339.757 	6.38751 	
343.575 	6.38012 	
347.392 	6.36839 	
351.21 	6.35228 	
355.027 	6.33179 	
358.845 	6.3069 	
362.663 	6.2776 	
366.48 	6.24389 	
370.298 	6.20575 	
374.115 	6.16321 	
377.933 	6.11625 	
381.75 	6.06491 	
385.567 	6.00918 	
389.385 	5.94927 	
393.202 	5.8859 	
397.02 	5.81973 	
400.837 	5.75064 	
404.655 	5.67852 	
408.473 	5.60328 	
412.29 	5.52629 	
416.108 	5.45247 	
419.925 	5.3814 	
423.743 	5.31269 	
427.56 	5.2437 	
431.377 	5.17022 	
435.195 	5.08958 	
439.012 	4.99524 	
442.83 	4.87913 	
446.647 	4.72854 	
450.465 	4.53296 	
454.283 	4.27725 	
458.1 	3.954 	
461.918 	3.59274 	
465.735 	3.42162 	
469.553 	3.29637 	
473.37 	3.19134 	
477.188 	3.10218 	
481.005 	3.0256 	
484.822 	2.95871 	
488.64 	2.89937 	
492.457 	2.84662 	
496.275 	2.7982 	
500.092 	2.75225 	
503.91 	2.70838 	
507.728 	2.66528 	
511.545 	2.62232 	
515.362 	2.57949 	
519.18 	2.53675 	
522.997 	2.49247 	
526.815 	2.44671 	
530.633 	2.39956 	
534.45 	2.35112 	
538.268 	2.30148 	
542.085 	2.25075 	
545.903 	2.19902 	
549.72 	2.14639 	
553.538 	2.09296 	
557.355 	2.03953 	
561.173 	1.98615 	
564.99 	1.93287 	
568.808 	1.87972 	
572.625 	1.82673 	
576.442 	1.77394 	
580.26 	1.72139 	
584.077 	1.66911 	
587.895 	1.61714 	
591.712 	1.56551 	
595.53 	1.51426 	
599.347 	1.46343 	
603.165 	1.41304 	
606.982 	1.36314 	
610.8 	1.31376 	
614.617 	1.26493 	
618.435 	1.21635 	
622.253 	1.16799 	
626.07 	1.11993 	
629.888 	1.07226 	
633.705 	1.02507 	
637.523 	0.978042 	
641.34 	0.931045 	
645.158 	0.884227 	
648.975 	0.837196 	
652.793 	0.789666 	
656.61 	0.741493 	
660.428 	0.692597 	
664.245 	0.642613 	
668.062 	0.591398 	
671.88 	0.539046 	
675.697 	0.485571 	
679.515 	0.431165 	
683.332 	0.376432 	
687.15 	0.322134 	
690.967 	0.269239 	
694.785 	0.218995 	
698.602 	0.172679 	
702.42 	0.131496 	
706.237 	0.0962905 	
710.055 	0.0675435 	
713.872 	0.0452134 	
717.69 	0.0287864 	
721.508 	0.017384 	
725.377 	0.0104721 	
729.335 	0.00598159 	
733.362 	0.0029094 	
737.434 	0.00117951 	
741.529 	0.000401447 	
745.636 	0.00011709 	
749.747 	2.97451e-05 	
753.859 	6.56452e-06 	
757.971 	1.21392e-06 	
762.084 	1.62683e-07 	
766.196 	1.6034e-07 	
3.8175 	0 	
7.635 	0.000103908 	
11.4525 	0.000271329 	
15.27 	0.00052055 	
19.0875 	0.000854464 	
22.905 	0.00127174 	
26.7225 	0.00177146 	
30.54 	0.00235275 	
34.3575 	0.00301473 	
38.175 	0.0037564 	
41.9925 	0.00457669 	
45.81 	0.00547442 	
49.6275 	0.00644829 	
53.445 	0.00749693 	
57.2625 	0.00861885 	
61.08 	0.00981247 	
64.8975 	0.0110761 	
68.715 	0.012408 	
72.5325 	0.0138063 	
76.35 	0.0152691 	
80.1675 	0.0167941 	
83.985 	0.0183792 	
87.8025 	0.020022 	
91.62 	0.0217202 	
95.4375 	0.0234716 	
99.255 	0.0252739 	
103.073 	0.0271247 	
106.89 	0.0290215 	
110.707 	0.0309618 	
114.525 	0.0329429 	
118.343 	0.0349622 	
122.16 	0.037017 	
125.978 	0.0391046 	
129.795 	0.0412222 	
133.613 	0.0433671 	
137.43 	0.0455365 	
141.248 	0.0477276 	
145.065 	0.0499375 	
148.882 	0.0521635 	
152.7 	0.0544026 	
156.518 	0.056652 	
160.335 	0.0589089 	
164.153 	0.0611705 	
167.97 	0.0634339 	
171.787 	0.0656962 	
175.605 	0.0679547 	
179.423 	0.0702066 	
183.24 	0.0724491 	
187.058 	0.0746793 	
190.875 	0.0768947 	
194.692 	0.0790925 	
198.51 	0.0812699 	
202.327 	0.0834245 	
206.145 	0.0855535 	
209.963 	0.0876544 	
213.78 	0.0897247 	
217.597 	0.0917618 	
221.415 	0.0937632 	
225.232 	0.0957267 	
229.05 	0.0976497 	
232.868 	0.0995301 	
236.685 	0.101366 	
240.502 	0.103154 	
244.32 	0.104893 	
248.137 	0.10658 	
251.955 	0.108214 	
255.773 	0.109792 	
259.59 	0.111313 	
263.408 	0.112775 	
267.225 	0.114175 	
271.043 	0.115512 	
274.86 	0.116785 	
278.678 	0.117991 	
282.495 	0.11913 	
286.312 	0.120198 	
290.13 	0.121196 	
293.947 	0.122121 	
297.765 	0.122973 	
301.582 	0.123749 	
305.4 	0.12445 	
309.217 	0.125073 	
313.035 	0.125617 	
316.853 	0.126082 	
320.67 	0.126466 	
324.488 	0.126769 	
328.305 	0.126989 	
332.123 	0.127126 	
335.94 	0.12718 	
339.757 	0.127149 	
343.575 	0.127033 	
347.392 	0.126832 	
351.21 	0.126544 	
355.027 	0.126171 	
358.845 	0.12571 	
362.663 	0.125163 	
366.48 	0.124528 	
370.298 	0.123807 	
374.115 	0.122997 	
377.933 	0.122101 	
381.75 	0.121117 	
385.567 	0.120046 	
389.385 	0.118892 	
393.202 	0.11767 	
397.02 	0.116404 	
400.837 	0.115111 	
404.655 	0.113794 	
408.473 	0.112449 	
412.29 	0.111074 	
416.108 	0.109665 	
419.925 	0.108218 	
423.743 	0.10673 	
427.56 	0.105134 	
431.377 	0.103333 	
435.195 	0.101245 	
439.012 	0.0987751 	
442.83 	0.0956774 	
446.647 	0.0918005 	
450.465 	0.0869254 	
454.283 	0.0809158 	
458.1 	0.0736923 	
461.918 	0.0660928 	
465.735 	0.0624445 	
469.553 	0.0597767 	
473.37 	0.0575129 	
477.188 	0.055561 	
481.005 	0.0538783 	
484.822 	0.0524218 	
488.64 	0.0511399 	
492.457 	0.0499868 	
496.275 	0.0489528 	
500.092 	0.0479988 	
503.91 	0.0470953 	
507.728 	0.0462324 	
511.545 	0.0454073 	
515.362 	0.0445911 	
519.18 	0.0437802 	
522.997 	0.0429743 	
526.815 	0.0421729 	
530.633 	0.0413603 	
534.45 	0.0405255 	
538.268 	0.0396701 	
542.085 	0.0387958 	
545.903 	0.0379043 	
549.72 	0.0369973 	
553.538 	0.0360765 	
557.355 	0.0351556 	
561.173 	0.0342358 	
564.99 	0.0333175 	
568.808 	0.0324014 	
572.625 	0.0314881 	
576.442 	0.0305783 	
580.26 	0.0296726 	
584.077 	0.0287715 	
587.895 	0.0278758 	
591.712 	0.0269859 	
595.53 	0.0261026 	
599.347 	0.0252264 	
603.165 	0.0243559 	
606.982 	0.0234853 	
610.8 	0.0226163 	
614.617 	0.0217504 	
618.435 	0.020889 	
622.253 	0.0200338 	
626.07 	0.0191819 	
629.888 	0.0183268 	
633.705 	0.0174717 	
637.523 	0.0166081 	
641.34 	0.0157394 	
645.158 	0.0148614 	
648.975 	0.0139708 	
652.793 	0.0130628 	
656.61 	0.0121344 	
660.428 	0.0111867 	
664.245 	0.0102191 	
668.062 	0.00923451 	
671.88 	0.0082386 	
675.697 	0.00724126 	
679.515 	0.00625463 	
683.332 	0.00529551 	
687.15 	0.00438252 	
690.967 	0.0035342 	
694.785 	0.00276968 	
698.602 	0.00210262 	
702.42 	0.00154103 	
706.237 	0.00108773 	
710.055 	0.000737184 	
713.872 	0.000478719 	
717.69 	0.00029723 	
721.508 	0.000176118 	
725.377 	0.000104836 	
729.335 	5.96365e-05 	
733.362 	2.91679e-05 	
737.434 	1.20469e-05 	
741.529 	4.23708e-06 	
745.636 	1.29728e-06 	
749.747 	3.51015e-07 	
753.859 	8.36529e-08 	
757.971 	1.69142e-08 	
762.084 	2.50738e-09 	
766.196 	2.47127e-09 	
3.8175 	0 	
7.635 	1.66404e-06 	
11.4525 	4.34546e-06 	
15.27 	8.33685e-06 	
19.0875 	1.36843e-05 	
22.905 	2.03664e-05 	
26.7225 	2.83681e-05 	
30.54 	3.7675e-05 	
34.3575 	4.82732e-05 	
38.175 	6.01457e-05 	
41.9925 	7.32751e-05 	
45.81 	8.76421e-05 	
49.6275 	0.000103225 	
53.445 	0.000120003 	
57.2625 	0.000137948 	
61.08 	0.00015704 	
64.8975 	0.000177246 	
68.715 	0.000198539 	
72.5325 	0.000220889 	
76.35 	0.000244267 	
80.1675 	0.000268634 	
83.985 	0.000293959 	
87.8025 	0.000320207 	
91.62 	0.000347346 	
95.4375 	0.00037533 	
99.255 	0.000404127 	
103.073 	0.000433695 	
106.89 	0.000463989 	
110.707 	0.000494979 	
114.525 	0.000526614 	
118.343 	0.000558857 	
122.16 	0.000591658 	
125.978 	0.000624985 	
129.795 	0.000658788 	
133.613 	0.000693016 	
137.43 	0.000727639 	
141.248 	0.000762597 	
145.065 	0.000797853 	
148.882 	0.00083337 	
152.7 	0.000869088 	
156.518 	0.000904962 	
160.335 	0.000940956 	
164.153 	0.000977024 	
167.97 	0.00101312 	
171.787 	0.00104921 	
175.605 	0.00108521 	
179.423 	0.00112112 	
183.24 	0.00115688 	
187.058 	0.00119245 	
190.875 	0.00122777 	
194.692 	0.00126283 	
198.51 	0.00129755 	
202.327 	0.00133193 	
206.145 	0.00136589 	
209.963 	0.0013994 	
213.78 	0.00143245 	
217.597 	0.00146496 	
221.415 	0.0014969 	
225.232 	0.00152826 	
229.05 	0.001559 	
232.868 	0.00158904 	
236.685 	0.00161837 	
240.502 	0.001647 	
244.32 	0.0016748 	
248.137 	0.00170186 	
251.955 	0.00172803 	
255.773 	0.00175333 	
259.59 	0.00177774 	
263.408 	0.00180119 	
267.225 	0.0018236 	
271.043 	0.001845 	
274.86 	0.0018653 	
278.678 	0.00188452 	
282.495 	0.00190264 	
286.312 	0.00191969 	
290.13 	0.00193563 	
293.947 	0.00195041 	
297.765 	0.00196409 	
301.582 	0.00197652 	
305.4 	0.00198779 	
309.217 	0.00199786 	
313.035 	0.00200665 	
316.853 	0.00201425 	
320.67 	0.00202057 	
324.488 	0.00202557 	
328.305 	0.0020293 	
332.123 	0.00203174 	
335.94 	0.00203285 	
339.757 	0.00203264 	
343.575 	0.00203109 	
347.392 	0.00202823 	
351.21 	0.00202399 	
355.027 	0.00201839 	
358.845 	0.00201148 	
362.663 	0.00200307 	
366.48 	0.00199342 	
370.298 	0.00198233 	
374.115 	0.00196981 	
377.933 	0.00195605 	
381.75 	0.00194085 	
385.567 	0.00192422 	
389.385 	0.00190634 	
393.202 	0.00188726 	
397.02 	0.00186753 	
400.837 	0.00184739 	
404.655 	0.00182682 	
408.473 	0.00180572 	
412.29 	0.00178415 	
416.108 	0.00176203 	
419.925 	0.00173759 	
423.743 	0.00171083 	
427.56 	0.00168127 	
431.377 	0.0016467 	
435.195 	0.00160575 	
439.012 	0.00155669 	
442.83 	0.00149614 	
446.647 	0.00142211 	
450.465 	0.0013324 	
454.283 	0.00122559 	
458.1 	0.00110197 	
461.918 	0.000978053 	
465.735 	0.000918071 	
469.553 	0.000873858 	
473.37 	0.000836116 	
477.188 	0.000803812 	
481.005 	0.000775905 	
484.822 	0.000751502 	
488.64 	0.000729857 	
492.457 	0.000710718 	
496.275 	0.000693436 	
500.092 	0.000677574 	
503.91 	0.000662893 	
507.728 	0.000649163 	
511.545 	0.000636047 	
515.362 	0.000623504 	
519.18 	0.000611271 	
522.997 	0.000599153 	
526.815 	0.000587143 	
530.633 	0.000575236 	
534.45 	0.000563425 	
538.268 	0.000551534 	
542.085 	0.000539381 	
545.903 	0.000526988 	
549.72 	0.00051438 	
553.538 	0.000501579 	
557.355 	0.000488778 	
561.173 	0.000475991 	
564.99 	0.000463226 	
568.808 	0.000450491 	
572.625 	0.000437795 	
576.442 	0.000425147 	
580.26 	0.000412556 	
584.077 	0.000400029 	
587.895 	0.000387576 	
591.712 	0.000375157 	
595.53 	0.0003627 	
599.347 	0.00035023 	
603.165 	0.000337768 	
606.982 	0.000325336 	
610.8 	0.000312956 	
614.617 	0.000300649 	
618.435 	0.000288242 	
622.253 	0.000275778 	
626.07 	0.0002633 	
629.888 	0.000250682 	
633.705 	0.000237879 	
637.523 	0.000224928 	
641.34 	0.000211774 	
645.158 	0.000198395 	
648.975 	0.00018471 	
652.793 	0.00017075 	
656.61 	0.000156523 	
660.428 	0.000142102 	
664.245 	0.000127545 	
668.062 	0.000113003 	
671.88 	9.86196e-05 	
675.697 	8.45982e-05 	
679.515 	7.11898e-05 	
683.332 	5.86269e-05 	
687.15 	4.71306e-05 	
690.967 	3.68851e-05 	
694.785 	2.8046e-05 	
698.602 	2.06653e-05 	
702.42 	1.47245e-05 	
706.237 	1.01257e-05 	
710.055 	6.70689e-06 	
713.872 	4.27334e-06 	
717.69 	2.61536e-06 	
721.508 	1.53538e-06 	
725.377 	9.1065e-07 	
729.335 	5.19578e-07 	
733.362 	2.56931e-07 	
737.434 	1.08363e-07 	
741.529 	3.93681e-08 	
745.636 	1.25871e-08 	
749.747 	3.59501e-09 	
753.859 	9.13185e-10 	
757.971 	1.98581e-10 	
762.084 	3.19155e-11 	
766.196 	3.14559e-11 	
3.8175 	0 	
7.635 	2.10566e-08 	
11.4525 	5.49771e-08 	
15.27 	1.05472e-07 	
19.0875 	1.7311e-07 	
22.905 	2.57627e-07 	
26.7225 	3.59025e-07 	
30.54 	4.76371e-07 	
34.3575 	6.10482e-07 	
38.175 	7.60891e-07 	
41.9925 	9.26666e-07 	
45.81 	1.10827e-06 	
49.6275 	1.30571e-06 	
53.445 	1.51712e-06 	
57.2625 	1.74437e-06 	
61.08 	1.98558e-06 	
64.8975 	2.24076e-06 	
68.715 	2.50898e-06 	
72.5325 	2.79211e-06 	
76.35 	3.0864e-06 	
80.1675 	3.39374e-06 	
83.985 	3.71225e-06 	
87.8025 	4.04194e-06 	
91.62 	4.38467e-06 	
95.4375 	4.73484e-06 	
99.255 	5.09992e-06 	
103.073 	5.47245e-06 	
106.89 	5.85243e-06 	
110.707 	6.24359e-06 	
114.525 	6.64592e-06 	
118.343 	7.04452e-06 	
122.16 	7.45058e-06 	
125.978 	7.87526e-06 	
129.795 	8.29995e-06 	
133.613 	8.73208e-06 	
137.43 	9.15676e-06 	
141.248 	9.59635e-06 	
145.065 	1.00434e-05 	
148.882 	1.0483e-05 	
152.7 	1.093e-05 	
156.518 	1.1377e-05 	
160.335 	1.18315e-05 	
164.153 	1.2286e-05 	
167.97 	1.2733e-05 	
171.787 	1.31875e-05 	
175.605 	1.36346e-05 	
179.423 	1.40667e-05 	
183.24 	1.45286e-05 	
187.058 	1.49608e-05 	
190.875 	1.53929e-05 	
194.692 	1.58399e-05 	
198.51 	1.62721e-05 	
202.327 	1.67042e-05 	
206.145 	1.71363e-05 	
209.963 	1.75387e-05 	
213.78 	1.7941e-05 	
217.597 	1.83433e-05 	
221.415 	1.87457e-05 	
225.232 	1.91331e-05 	
229.05 	1.94907e-05 	
232.868 	1.98781e-05 	
236.685 	2.02507e-05 	
240.502 	2.06083e-05 	
244.32 	2.09212e-05 	
248.137 	2.12789e-05 	
251.955 	2.16067e-05 	
255.773 	2.19047e-05 	
259.59 	2.22027e-05 	
263.408 	2.25008e-05 	
267.225 	2.2769e-05 	
271.043 	2.30074e-05 	
274.86 	2.32756e-05 	
278.678 	2.3514e-05 	
282.495 	2.37525e-05 	
286.312 	2.39313e-05 	
290.13 	2.41399e-05 	
293.947 	2.43485e-05 	
297.765 	2.45273e-05 	
301.582 	2.46763e-05 	
305.4 	2.48253e-05 	
309.217 	2.49445e-05 	
313.035 	2.50638e-05 	
316.853 	2.51532e-05 	
320.67 	2.52426e-05 	
324.488 	2.53022e-05 	
328.305 	2.53618e-05 	
332.123 	2.53618e-05 	
335.94 	2.53916e-05 	
339.757 	2.54214e-05 	
343.575 	2.53916e-05 	
347.392 	2.5332e-05 	
351.21 	2.5332e-05 	
355.027 	2.52724e-05 	
358.845 	2.51532e-05 	
362.663 	2.5034e-05 	
366.48 	2.49147e-05 	
370.298 	2.47955e-05 	
374.115 	2.46763e-05 	
377.933 	2.44975e-05 	
381.75 	2.42591e-05 	
385.567 	2.40803e-05 	
389.385 	2.39015e-05 	
393.202 	2.3663e-05 	
397.02 	2.34842e-05 	
400.837 	2.31862e-05 	
404.655 	2.29478e-05 	
408.473 	2.26498e-05 	
412.29 	2.23517e-05 	
416.108 	2.20537e-05 	
419.925 	2.17557e-05 	
423.743 	2.13385e-05 	
427.56 	2.08616e-05 	
431.377 	2.04444e-05 	
435.195 	1.97887e-05 	
439.012 	1.91331e-05 	
442.83 	1.81794e-05 	
446.647 	1.72257e-05 	
450.465 	1.59144e-05 	
454.283 	1.44839e-05 	
458.1 	1.28746e-05 	
461.918 	1.13845e-05 	
465.735 	1.05965e-05 	
469.553 	1.0039e-05 	
473.37 	9.56241e-06 	
477.188 	9.15175e-06 	
481.005 	8.79452e-06 	
484.822 	8.48023e-06 	
488.64 	8.2048e-06 	
492.457 	7.95962e-06 	
496.275 	7.73846e-06 	
500.092 	7.5382e-06 	
503.91 	7.35241e-06 	
507.728 	7.18009e-06 	
511.545 	7.01939e-06 	
515.362 	6.86587e-06 	
519.18 	6.71905e-06 	
522.997 	6.57756e-06 	
526.815 	6.43771e-06 	
530.633 	6.2994e-06 	
534.45 	6.16259e-06 	
538.268 	6.02719e-06 	
542.085 	5.89314e-06 	
545.903 	5.75776e-06 	
549.72 	5.62002e-06 	
553.538 	5.48018e-06 	
557.355 	5.34034e-06 	
561.173 	5.20065e-06 	
564.99 	5.06119e-06 	
568.808 	4.92207e-06 	
572.625 	4.78337e-06 	
576.442 	4.6452e-06 	
580.26 	4.5072e-06 	
584.077 	4.36837e-06 	
587.895 	4.22897e-06 	
591.712 	4.08925e-06 	
595.53 	3.94945e-06 	
599.347 	3.80982e-06 	
603.165 	3.6706e-06 	
606.982 	3.53138e-06 	
610.8 	3.39079e-06 	
614.617 	3.24933e-06 	
618.435 	3.10699e-06 	
622.253 	2.96282e-06 	
626.07 	2.81667e-06 	
629.888 	2.6685e-06 	
633.705 	2.51762e-06 	
637.523 	2.36372e-06 	
641.34 	2.20686e-06 	
645.158 	2.04716e-06 	
648.975 	1.88442e-06 	
652.793 	1.7197e-06 	
656.61 	1.55387e-06 	
660.428 	1.38811e-06 	
664.245 	1.2241e-06 	
668.062 	1.0634e-06 	
671.88 	9.08646e-07 	
675.697 	7.62197e-07 	
679.515 	6.26429e-07 	
683.332 	5.03412e-07 	
687.15 	3.94744e-07 	
690.967 	3.01479e-07 	
694.785 	2.2383e-07 	
698.602 	1.6126e-07 	
702.42 	1.12555e-07 	
706.237 	7.60027e-08 	
710.055 	4.9592e-08 	
713.872 	3.12326e-08 	
717.69 	1.89669e-08 	
721.508 	1.10986e-08 	
725.377 	6.59067e-09 	
729.335 	3.78436e-09 	
733.362 	1.89651e-09 	
737.434 	8.16988e-10 	
741.529 	3.05928e-10 	
745.636 	1.01685e-10 	
749.747 	3.04314e-11 	
753.859 	8.16268e-12 	
757.971 	1.88695e-12 	
762.084 	3.24406e-13 	
766.196 	3.19735e-13 	
3.8175 	0 	
7.635 	2.03727e-10 	
11.4525 	5.23869e-10 	
15.27 	1.04774e-09 	
19.0875 	1.62981e-09 	
22.905 	2.56114e-09 	
26.7225 	3.49246e-09 	
30.54 	4.65661e-09 	
34.3575 	6.0536e-09 	
38.175 	7.45058e-09 	
41.9925 	9.31323e-09 	
45.81 	1.02445e-08 	
49.6275 	1.30385e-08 	
53.445 	1.49012e-08 	
57.2625 	1.76951e-08 	
61.08 	1.86265e-08 	
64.8975 	2.23517e-08 	
68.715 	2.42144e-08 	
72.5325 	2.6077e-08 	
76.35 	2.98023e-08 	
80.1675 	3.35276e-08 	
83.985 	3.72529e-08 	
87.8025 	4.09782e-08 	
91.62 	4.09782e-08 	
95.4375 	4.84288e-08 	
99.255 	5.21541e-08 	
103.073 	5.21541e-08 	
106.89 	5.58794e-08 	
110.707 	5.96046e-08 	
114.525 	6.33299e-08 	
118.343 	7.07805e-08 	
122.16 	7.45058e-08 	
125.978 	7.45058e-08 	
129.795 	8.19564e-08 	
133.613 	8.19564e-08 	
137.43 	8.9407e-08 	
141.248 	9.68575e-08 	
145.065 	9.68575e-08 	
148.882 	9.68575e-08 	
152.7 	1.04308e-07 	
156.518 	1.11759e-07 	
160.335 	1.11759e-07 	
164.153 	1.11759e-07 	
167.97 	1.2666e-07 	
171.787 	1.19209e-07 	
175.605 	1.3411e-07 	
179.423 	1.49012e-07 	
183.24 	1.3411e-07 	
187.058 	1.49012e-07 	
190.875 	1.49012e-07 	
194.692 	1.49012e-07 	
198.51 	1.49012e-07 	
202.327 	1.63913e-07 	
206.145 	1.63913e-07 	
209.963 	1.49012e-07 	
213.78 	1.78814e-07 	
217.597 	1.78814e-07 	
221.415 	1.78814e-07 	
225.232 	1.78814e-07 	
229.05 	1.78814e-07 	
232.868 	1.93715e-07 	
236.685 	2.08616e-07 	
240.502 	2.08616e-07 	
244.32 	2.08616e-07 	
248.137 	2.08616e-07 	
251.955 	2.08616e-07 	
255.773 	2.08616e-07 	
259.59 	2.08616e-07 	
263.408 	2.08616e-07 	
267.225 	2.08616e-07 	
271.043 	2.38419e-07 	
274.86 	2.08616e-07 	
278.678 	2.38419e-07 	
282.495 	2.38419e-07 	
286.312 	2.38419e-07 	
290.13 	2.08616e-07 	
293.947 	2.38419e-07 	
297.765 	2.08616e-07 	
301.582 	2.08616e-07 	
305.4 	2.38419e-07 	
309.217 	2.38419e-07 	
313.035 	2.38419e-07 	
316.853 	2.68221e-07 	
320.67 	2.68221e-07 	
324.488 	2.38419e-07 	
328.305 	2.38419e-07 	
332.123 	2.38419e-07 	
335.94 	2.38419e-07 	
339.757 	2.68221e-07 	
343.575 	2.38419e-07 	
347.392 	2.38419e-07 	
351.21 	2.38419e-07 	
355.027 	2.38419e-07 	
358.845 	2.38419e-07 	
362.663 	2.38419e-07 	
366.48 	2.38419e-07 	
370.298 	2.98023e-07 	
374.115 	2.38419e-07 	
377.933 	2.38419e-07 	
381.75 	2.38419e-07 	
385.567 	2.38419e-07 	
389.385 	2.38419e-07 	
393.202 	1.78814e-07 	
397.02 	1.78814e-07 	
400.837 	1.78814e-07 	
404.655 	2.38419e-07 	
408.473 	2.38419e-07 	
412.29 	1.78814e-07 	
416.108 	2.38419e-07 	
419.925 	1.78814e-07 	
423.743 	1.78814e-07 	
427.56 	1.78814e-07 	
431.377 	1.78814e-07 	
435.195 	2.38419e-07 	
439.012 	2.38419e-07 	
442.83 	1.78814e-07 	
446.647 	1.78814e-07 	
450.465 	1.19209e-07 	
454.283 	1.19209e-07 	
458.1 	1.19209e-07 	
461.918 	1.19209e-07 	
465.735 	9.31907e-08 	
469.553 	8.79203e-08 	
473.37 	8.33947e-08 	
477.188 	7.94774e-08 	
481.005 	7.60537e-08 	
484.822 	7.30576e-08 	
488.64 	7.04178e-08 	
492.457 	6.80571e-08 	
496.275 	6.59518e-08 	
500.092 	6.40386e-08 	
503.91 	6.23026e-08 	
507.728 	6.06903e-08 	
511.545 	5.91929e-08 	
515.362 	5.77774e-08 	
519.18 	5.64252e-08 	
522.997 	5.51322e-08 	
526.815 	5.38946e-08 	
530.633 	5.26747e-08 	
534.45 	5.14708e-08 	
538.268 	5.02821e-08 	
542.085 	4.9108e-08 	
545.903 	4.7948e-08 	
549.72 	4.68011e-08 	
553.538 	4.56368e-08 	
557.355 	4.44724e-08 	
561.173 	4.33093e-08 	
564.99 	4.2148e-08 	
568.808 	4.09896e-08 	
572.625 	3.9821e-08 	
576.442 	3.86438e-08 	
580.26 	3.74602e-08 	
584.077 	3.62723e-08 	
587.895 	3.50822e-08 	
591.712 	3.38919e-08 	
595.53 	3.27035e-08 	
599.347 	3.15099e-08 	
603.165 	3.03023e-08 	
606.982 	2.90851e-08 	
610.8 	2.78556e-08 	
614.617 	2.66077e-08 	
618.435 	2.53446e-08 	
622.253 	2.40604e-08 	
626.07 	2.27485e-08 	
629.888 	2.14144e-08 	
633.705 	2.0061e-08 	
637.523 	1.86814e-08 	
641.34 	1.72768e-08 	
645.158 	1.58559e-08 	
648.975 	1.44207e-08 	
652.793 	1.2984e-08 	
656.61 	1.1559e-08 	
660.428 	1.01596e-08 	
664.245 	8.80276e-09 	
668.062 	7.50732e-09 	
671.88 	6.29202e-09 	
675.697 	5.17407e-09 	
679.515 	4.16641e-09 	
683.332 	3.27886e-09 	
687.15 	2.51913e-09 	
690.967 	1.88603e-09 	
694.785 	1.37433e-09 	
698.602 	9.73436e-10 	
702.42 	6.69269e-10 	
706.237 	4.46274e-10 	
710.055 	2.88334e-10 	
713.872 	1.80385e-10 	
717.69 	1.09162e-10 	
721.508 	6.38761e-11 	
725.377 	3.80782e-11 	
729.335 	2.20501e-11 	
733.362 	1.12077e-11 	
737.434 	4.93034e-12 	
741.529 	1.89818e-12 	
745.636 	6.5342e-13 	
749.747 	2.03749e-13 	
753.859 	5.72564e-14 	
757.971 	1.39466e-14 	
762.084 	2.53887e-15 	
766.196 	2.50231e-15 	
