3.72392 	 3804.84 	 757.382
7.44784 	 3804.84 	 757.298
11.1718 	 3804.84 	 757.158
14.8957 	 3804.83 	 756.962
18.6196 	 3804.83 	 756.709
22.3436 	 3804.82 	 756.401
26.0675 	 3804.81 	 756.036
29.7914 	 3804.8 	 755.616
33.5154 	 3804.78 	 755.139
37.2394 	 3804.77 	 754.606
40.9633 	 3804.75 	 754.017
44.6873 	 3804.73 	 753.372
48.4113 	 3804.71 	 752.671
52.1353 	 3804.69 	 751.914
55.8593 	 3804.67 	 751.1
59.5834 	 3804.64 	 750.231
63.3074 	 3804.62 	 749.306
67.0315 	 3804.59 	 748.324
70.7556 	 3804.56 	 747.286
74.4797 	 3804.53 	 746.193
78.2038 	 3804.49 	 745.043
81.928 	 3804.46 	 743.837
85.6521 	 3804.42 	 742.575
89.3763 	 3804.38 	 741.257
93.1006 	 3804.34 	 739.883
96.8248 	 3804.3 	 738.453
100.549 	 3804.26 	 736.967
104.273 	 3804.21 	 735.425
107.998 	 3804.16 	 733.826
111.722 	 3804.11 	 732.172
115.446 	 3804.06 	 730.461
119.171 	 3804.01 	 728.695
122.895 	 3803.96 	 726.872
126.62 	 3803.9 	 724.993
130.344 	 3803.85 	 723.059
134.069 	 3803.79 	 721.068
137.793 	 3803.73 	 719.021
141.518 	 3803.66 	 716.918
145.243 	 3803.6 	 714.759
148.967 	 3803.54 	 712.544
152.692 	 3803.47 	 710.273
156.417 	 3803.4 	 707.946
160.142 	 3803.33 	 705.563
163.866 	 3803.26 	 703.124
167.591 	 3803.18 	 700.629
171.316 	 3803.11 	 698.078
175.041 	 3803.03 	 695.471
178.766 	 3802.95 	 692.807
182.491 	 3802.87 	 690.088
186.217 	 3802.79 	 687.313
189.942 	 3802.7 	 684.482
193.667 	 3802.62 	 681.594
197.392 	 3802.53 	 678.651
201.118 	 3802.44 	 675.652
204.843 	 3802.35 	 672.596
208.568 	 3802.26 	 669.485
212.294 	 3802.16 	 666.318
216.019 	 3802.07 	 663.094
219.745 	 3801.97 	 659.815
223.471 	 3801.87 	 656.48
227.196 	 3801.77 	 653.088
230.922 	 3801.67 	 649.641
234.648 	 3801.56 	 646.138
238.374 	 3801.46 	 642.579
242.1 	 3801.35 	 638.964
245.826 	 3801.24 	 635.292
249.552 	 3801.13 	 631.565
253.278 	 3801.02 	 627.782
257.004 	 3800.9 	 623.943
260.731 	 3800.79 	 620.048
264.457 	 3800.67 	 616.097
268.184 	 3800.55 	 612.091
271.91 	 3800.43 	 608.028
275.637 	 3800.3 	 603.909
279.363 	 3800.18 	 599.734
283.09 	 3800.05 	 595.504
286.817 	 3799.93 	 591.217
290.544 	 3799.8 	 586.875
294.271 	 3799.66 	 582.477
297.998 	 3799.53 	 578.022
301.725 	 3799.4 	 573.512
305.452 	 3799.26 	 568.946
309.179 	 3799.12 	 564.324
312.907 	 3798.98 	 559.647
316.634 	 3798.84 	 554.913
320.362 	 3798.7 	 550.123
324.089 	 3798.55 	 545.278
327.817 	 3798.4 	 540.377
331.545 	 3798.26 	 535.42
335.273 	 3798.11 	 530.407
339.001 	 3797.95 	 525.338
342.729 	 3797.8 	 520.213
346.457 	 3797.64 	 515.033
350.185 	 3797.49 	 509.796
353.914 	 3797.33 	 504.504
357.642 	 3797.17 	 499.156
361.371 	 3797.01 	 493.752
365.099 	 3796.84 	 488.293
368.828 	 3796.68 	 482.777
372.557 	 3796.51 	 477.206
376.286 	 3796.34 	 471.579
380.015 	 3796.17 	 465.896
383.744 	 3796 	 460.158
387.473 	 3795.82 	 454.363
391.202 	 3795.65 	 448.513
394.932 	 3795.47 	 442.607
398.661 	 3795.29 	 436.646
402.391 	 3795.11 	 430.628
406.121 	 3794.92 	 424.555
409.851 	 3794.74 	 418.426
413.581 	 3794.55 	 412.242
417.311 	 3794.37 	 406.001
421.041 	 3794.18 	 399.705
424.771 	 3793.98 	 393.353
428.502 	 3793.79 	 386.946
432.232 	 3793.6 	 380.483
435.963 	 3793.4 	 373.964
439.694 	 3793.2 	 367.389
443.425 	 3793 	 360.759
447.156 	 3792.8 	 354.073
450.887 	 3792.59 	 347.332
454.618 	 3792.39 	 340.535
458.349 	 3792.18 	 333.682
462.081 	 3791.97 	 326.773
465.813 	 3791.76 	 319.809
469.544 	 3791.55 	 312.79
473.276 	 3791.34 	 305.714
477.008 	 3791.12 	 298.583
479.361 	 3790.94 	 294.06
481.727 	 3790.8 	 289.488
484.106 	 3790.67 	 284.869
486.531 	 3738.38 	 280.202
489.005 	 3682.64 	 275.49
491.53 	 3626.62 	 270.734
494.106 	 3570.27 	 265.935
496.735 	 3513.54 	 261.096
499.418 	 3456.37 	 256.217
502.156 	 3398.68 	 251.3
504.952 	 3340.35 	 246.349
507.808 	 3281.26 	 241.364
510.725 	 3221.25 	 236.347
513.706 	 3160.11 	 231.302
516.754 	 3097.57 	 226.229
519.874 	 3033.26 	 221.132
523.068 	 2966.65 	 216.013
526.345 	 2896.97 	 210.875
529.71 	 2823.02 	 205.721
533.177 	 2742.65 	 200.554
536.763 	 2651.5 	 195.379
540.382 	 2628.29 	 190.197
544.008 	 2622.16 	 185.01
547.64 	 2617.54 	 179.817
551.278 	 2613.44 	 174.617
554.92 	 2609.69 	 169.412
558.566 	 2606.24 	 164.2
562.216 	 2603.05 	 158.982
565.869 	 2600.11 	 153.756
569.526 	 2597.39 	 148.524
573.185 	 2594.87 	 143.285
576.847 	 2592.55 	 138.038
580.511 	 2590.4 	 132.783
584.177 	 2588.41 	 127.521
587.845 	 2586.58 	 122.251
591.514 	 2584.9 	 116.972
595.184 	 2583.35 	 111.684
598.856 	 2581.93 	 106.388
602.529 	 2580.63 	 101.083
606.202 	 2579.44 	 95.7683
609.876 	 2578.36 	 90.4443
613.551 	 2577.38 	 85.1106
617.226 	 2576.5 	 79.7669
620.901 	 2575.71 	 74.413
624.577 	 2575 	 69.0487
628.252 	 2574.36 	 63.6739
631.928 	 2573.8 	 58.2881
635.603 	 2573.31 	 52.8913
639.278 	 2572.87 	 47.4832
642.953 	 2572.49 	 42.0637
647.199 	 2224.18 	 36.642
650.506 	 961.846 	 34.8204
653.815 	 961.914 	 33.0074
657.126 	 961.977 	 31.2028
660.44 	 962.035 	 29.4065
663.756 	 962.089 	 27.6184
667.074 	 962.139 	 25.8383
670.394 	 962.185 	 24.0661
673.716 	 962.228 	 22.3016
677.041 	 962.269 	 20.5448
680.367 	 962.306 	 18.7954
683.696 	 962.341 	 17.0533
687.027 	 962.374 	 15.3185
690.359 	 962.405 	 13.5908
693.694 	 962.434 	 11.8701
697.03 	 962.461 	 10.1562
700.368 	 962.487 	 8.44897
703.708 	 962.511 	 6.74839
707.05 	 962.534 	 5.0543
710.394 	 962.555 	 3.36657
713.74 	 962.576 	 1.6851
715.007 	 2550.79 	 0
3.59 	 3788 	 844.209
7.18 	 3788.01 	 844.079
10.77 	 3788 	 843.898
14.36 	 3788 	 843.665
17.95 	 3788 	 843.379
21.54 	 3788 	 843.043
25.13 	 3788.01 	 842.654
28.72 	 3787.99 	 842.213
32.31 	 3787.99 	 841.721
35.9 	 3788 	 841.177
39.49 	 3788 	 840.581
43.08 	 3788 	 839.933
46.67 	 3788 	 839.233
50.26 	 3788 	 838.481
53.85 	 3788 	 837.678
57.44 	 3788 	 836.823
61.03 	 3788 	 835.916
64.62 	 3788 	 834.957
68.21 	 3788 	 833.946
71.8 	 3788 	 832.883
75.39 	 3788 	 831.769
78.98 	 3788.01 	 830.603
82.57 	 3788 	 829.385
86.16 	 3788.01 	 828.115
89.75 	 3788.01 	 826.793
93.34 	 3787.99 	 825.42
96.93 	 3788.01 	 823.994
100.52 	 3788 	 822.517
104.11 	 3787.99 	 820.988
107.7 	 3788 	 819.407
111.29 	 3788 	 817.774
114.88 	 3788.01 	 816.09
118.47 	 3788.01 	 814.354
122.06 	 3788 	 812.565
125.65 	 3788 	 810.725
129.24 	 3788 	 808.833
132.83 	 3788 	 806.89
136.42 	 3788 	 804.894
140.01 	 3788 	 802.847
143.6 	 3788 	 800.748
147.19 	 3788 	 798.597
150.78 	 3788 	 796.394
154.37 	 3788 	 794.139
157.96 	 3788 	 791.833
161.55 	 3788 	 789.474
165.14 	 3788 	 787.064
168.73 	 3788 	 784.602
172.32 	 3788 	 782.088
175.91 	 3788 	 779.523
179.5 	 3788 	 776.905
183.09 	 3788 	 774.236
186.68 	 3788 	 771.515
190.27 	 3788 	 768.742
193.86 	 3788 	 765.917
197.45 	 3788 	 763.04
201.04 	 3788 	 760.112
204.63 	 3788 	 757.131
208.22 	 3788 	 754.099
211.81 	 3788 	 751.015
215.4 	 3788 	 747.879
218.99 	 3788 	 744.692
222.58 	 3788 	 741.452
226.17 	 3788 	 738.161
229.76 	 3788 	 734.818
233.35 	 3788 	 731.423
236.94 	 3788 	 727.976
240.53 	 3787.99 	 724.477
244.12 	 3788.01 	 720.927
247.71 	 3788 	 717.324
251.3 	 3787.99 	 713.67
254.89 	 3788.01 	 709.964
258.48 	 3787.99 	 706.206
262.07 	 3788 	 702.397
265.66 	 3788.02 	 698.535
269.25 	 3788 	 694.622
272.84 	 3788 	 690.657
276.43 	 3788.01 	 686.64
280.02 	 3787.99 	 682.571
283.61 	 3787.99 	 678.45
287.2 	 3788 	 674.278
290.79 	 3788 	 670.054
294.38 	 3788 	 665.777
297.97 	 3788 	 661.45
301.56 	 3787.99 	 657.07
305.15 	 3787.99 	 652.638
308.74 	 3788.01 	 648.155
312.33 	 3788 	 643.619
315.92 	 3788 	 639.032
319.51 	 3787.99 	 634.393
323.1 	 3788 	 629.703
326.69 	 3788 	 624.96
330.28 	 3788.01 	 620.165
333.87 	 3788 	 615.319
337.46 	 3788 	 610.421
341.05 	 3787.99 	 605.471
344.64 	 3788 	 600.469
348.23 	 3788 	 595.416
351.82 	 3788.01 	 590.31
355.41 	 3787.99 	 585.153
359 	 3787.99 	 579.944
362.59 	 3788 	 574.683
366.18 	 3788 	 569.37
369.77 	 3788 	 564.006
373.36 	 3788 	 558.589
376.95 	 3787.99 	 553.121
380.54 	 3788.01 	 547.601
384.13 	 3788 	 542.029
387.72 	 3788 	 536.405
391.31 	 3788 	 530.73
394.9 	 3788 	 525.002
398.49 	 3788 	 519.223
402.08 	 3788.01 	 513.392
405.67 	 3788 	 507.509
409.26 	 3788 	 501.574
412.85 	 3788 	 495.588
416.44 	 3788 	 489.549
420.03 	 3788.01 	 483.459
423.62 	 3788 	 477.317
427.21 	 3788 	 471.123
430.8 	 3788 	 464.877
434.39 	 3788 	 458.58
437.98 	 3788 	 452.23
441.57 	 3788 	 445.829
445.16 	 3788 	 439.376
448.75 	 3788 	 432.871
452.34 	 3788 	 426.314
455.93 	 3788 	 419.706
459.52 	 3788 	 413.045
463.11 	 3788 	 406.333
466.7 	 3788 	 399.569
470.29 	 3752.56 	 392.754
473.88 	 3713.65 	 385.889
477.47 	 3673.37 	 378.976
481.06 	 3631.6 	 372.017
484.65 	 3588.19 	 365.013
488.24 	 3543.02 	 357.966
491.83 	 3495.91 	 350.878
495.42 	 3446.65 	 343.75
499.01 	 3394.96 	 336.585
502.6 	 3340.55 	 329.384
506.19 	 3283 	 322.149
509.78 	 3221.8 	 314.883
513.37 	 3156.24 	 307.588
516.96 	 3085.36 	 300.266
520.55 	 3007.74 	 292.921
524.14 	 2921.16 	 285.554
527.73 	 2821.79 	 278.17
531.32 	 2701.77 	 270.773
534.91 	 2670.14 	 263.364
538.5 	 2661.96 	 255.945
542.09 	 2655.85 	 248.516
545.68 	 2650.46 	 241.075
549.27 	 2645.54 	 233.623
552.86 	 2641.04 	 226.159
556.45 	 2636.9 	 218.683
560.04 	 2633.09 	 211.195
563.63 	 2629.58 	 203.694
567.22 	 2626.37 	 196.181
570.81 	 2623.42 	 188.654
574.4 	 2620.73 	 181.114
577.99 	 2618.26 	 173.56
581.58 	 2616.01 	 165.992
585.17 	 2613.96 	 158.41
588.76 	 2612.11 	 150.813
592.35 	 2610.45 	 143.201
595.94 	 2608.96 	 135.573
599.53 	 2607.62 	 127.93
603.12 	 2606.45 	 120.271
606.71 	 2605.42 	 112.596
610.3 	 2604.52 	 104.904
613.89 	 2603.76 	 97.1959
617.48 	 2603.12 	 89.4702
621.07 	 2602.59 	 81.7271
624.66 	 2602.16 	 73.9662
628.25 	 2601.83 	 66.1874
631.84 	 2601.58 	 58.3902
635.43 	 2601.42 	 50.5745
639.02 	 2162.89 	 43.4248
642.61 	 935 	 41.5051
646.2 	 935 	 39.5972
649.79 	 935 	 37.7009
653.38 	 935.001 	 35.816
656.97 	 934.997 	 33.9421
660.56 	 935 	 32.0791
664.15 	 935.002 	 30.2268
667.74 	 935.001 	 28.3848
671.33 	 935 	 26.5531
674.92 	 935 	 24.7313
678.51 	 935 	 22.9194
682.1 	 935.001 	 21.117
685.69 	 934.998 	 19.324
689.28 	 935 	 17.5402
692.87 	 934.998 	 15.7653
696.46 	 935.001 	 13.9993
700.05 	 935.001 	 12.2419
703.64 	 935 	 10.493
707.23 	 935.001 	 8.75229
710.82 	 935.002 	 7.01971
714.41 	 2580 	 0
After 5 iterations 
Convergence criterion = 7.30199e-11
Planet mass = 4.0002e+21 kg = 0.000669803 MEarth
Inner core mass = 1.72606e+21 kg = 0.000289016 MEarth
Outer core mass = 1.88053e+21 kg = 0.000314881 MEarth
Mantle mass = 3.93605e+20 kg = 6.59061e-05 MEarth
Inner core radius = 459.042 km = 0.0720914 REarth
Outer core radius = 641.479 km = 0.100743 REarth
Planet radius = 715.007 km = 0.11229 REarth
Surface gravity = 0.5219 m/s2
Average density = 2612.54 kg/m3
Central density = 3788 kg/m3
Density near surface = 2550.79 kg/m3
Central pressure = 844.287 MPa
Pressure at core-mantle boundary = 41.5051 MPa
