0 	0 	
0.01 	8.4191e-05 	
0.02 	8.4191e-05 	
0.03 	0 	
0.04 	1.41779e-05 	
0.05 	1.3402e-05 	
0.06 	0.000182438 	
0.07 	1.39171e-05 	
0.08 	1.31622e-05 	
0.09 	0.000119431 	
0.1 	1.39284e-05 	
0.11 	1.34298e-05 	
0.12 	0.000101547 	
0.13 	1.36481e-05 	
0.14 	1.34298e-05 	
0.15 	0.000101547 	
0.16 	1.39398e-05 	
0.17 	1.37122e-05 	
0.18 	8.81694e-05 	
0.19 	1.36554e-05 	
0.2 	1.37122e-05 	
0.21 	8.81694e-05 	
0.22 	1.36554e-05 	
0.23 	1.37122e-05 	
0.24 	8.81694e-05 	
0.25 	1.36554e-05 	
0.26 	1.37122e-05 	
0.27 	8.81694e-05 	
0.28 	1.36554e-05 	
0.29 	1.37122e-05 	
0.3 	8.81694e-05 	
0.31 	1.36554e-05 	
0.32 	1.37122e-05 	
0.33 	8.81694e-05 	
0.34 	1.39512e-05 	
0.35 	1.40105e-05 	
0.36 	8.81694e-05 	
0.37 	1.39512e-05 	
0.38 	1.40105e-05 	
0.39 	7.77881e-05 	
0.4 	1.36627e-05 	
0.41 	1.40105e-05 	
0.42 	7.77881e-05 	
0.43 	1.45242e-05 	
0.44 	1.49178e-05 	
0.45 	7.77881e-05 	
0.46 	1.74631e-05 	
0.47 	1.80353e-05 	
0.48 	7.77881e-05 	
0.49 	1.92104e-05 	
0.5 	1.99052e-05 	
0.51 	7.77881e-05 	
0.52 	2.05241e-05 	
0.53 	2.13191e-05 	
0.54 	7.77881e-05 	
0.55 	2.14751e-05 	
0.56 	2.23471e-05 	
0.57 	7.77881e-05 	
0.58 	2.25813e-05 	
0.59 	2.35474e-05 	
0.6 	7.77881e-05 	
0.61 	2.34227e-05 	
0.62 	2.44639e-05 	
0.63 	7.77881e-05 	
0.64 	2.38796e-05 	
0.65 	2.49627e-05 	
0.66 	7.77881e-05 	
0.67 	2.4876e-05 	
0.68 	2.60536e-05 	
0.69 	7.77881e-05 	
0.7 	2.54202e-05 	
0.71 	2.66512e-05 	
0.72 	7.77881e-05 	
0.73 	2.54202e-05 	
0.74 	2.66512e-05 	
0.75 	7.77881e-05 	
0.76 	2.59988e-05 	
0.77 	2.72878e-05 	
0.78 	8.81694e-05 	
0.79 	2.77321e-05 	
0.8 	2.79674e-05 	
0.81 	0.000119431 	
0.82 	3.02202e-05 	
0.83 	2.79674e-05 	
0.84 	0.000144559 	
0.85 	3.2542e-05 	
0.86 	2.99275e-05 	
0.87 	0.000244921 	
0.88 	3.58244e-05 	
0.89 	3.26613e-05 	
0.9 	0.00027593 	
0.91 	3.58244e-05 	
0.92 	3.70464e-05 	
0.93 	0 	
0.94 	4.10452e-05 	
0.95 	4.10452e-05 	
0.96 	0 	
0.97 	4.58587e-05 	
0.98 	4.58587e-05 	
0.99 	0 	
1 	5.17589e-05 	
1.01 	5.43944e-05 	
1.02 	0 	
1.03 	6.26212e-05 	
1.04 	6.26212e-05 	
1.05 	0 	
1.06 	7.34037e-05 	
1.07 	7.34037e-05 	
1.08 	0 	
1.09 	8.81364e-05 	
1.1 	8.81364e-05 	
1.11 	0 	
1.12 	0.000109454 	
1.13 	0.000109454 	
1.14 	0 	
1.15 	0.000143001 	
1.16 	0.000143001 	
1.17 	0 	
1.18 	0.000203456 	
1.19 	0.000203456 	
1.2 	0 	
1.21 	0.000344637 	
1.22 	0.000344637 	
1.23 	0 	
1.24 	0 	
1.25 	0 	
1.26 	0 	
1.27 	0 	
1.28 	0 	
1.29 	0 	
1.3 	0 	
1.31 	0 	
1.32 	0 	
1.33 	0 	
1.34 	0 	
1.35 	0 	
1.36 	0 	
1.37 	0 	
1.38 	0 	
1.39 	0 	
1.4 	0 	
1.41 	0 	
1.42 	0 	
1.43 	0 	
1.44 	0 	
1.45 	0 	
1.46 	0 	
1.47 	0 	
1.48 	0 	
1.49 	0 	
1.5 	0 	
1.51 	0 	
1.52 	0 	
1.53 	0 	
1.54 	0 	
1.55 	0 	
1.56 	0 	
1.57 	0 	
1.58 	0 	
1.59 	0 	
1.6 	0 	
1.61 	0 	
1.62 	0 	
1.63 	0 	
1.64 	0 	
1.65 	0 	
1.66 	0 	
1.67 	0 	
1.68 	0 	
1.69 	0 	
1.7 	0 	
1.71 	0 	
1.72 	0 	
1.73 	0 	
1.74 	0 	
1.75 	0 	
1.76 	0 	
1.77 	0 	
1.78 	0 	
1.79 	0 	
1.8 	0 	
1.81 	0 	
1.82 	0 	
1.83 	0 	
1.84 	0 	
1.85 	0 	
1.86 	0 	
1.87 	0 	
1.88 	0 	
1.89 	0 	
1.9 	0 	
1.91 	0 	
1.92 	0 	
1.93 	0 	
1.94 	0 	
1.95 	0 	
1.96 	0 	
1.97 	0 	
1.98 	0 	
1.99 	0 	
2 	0 	
2.01 	0 	
2.02 	0 	
2.03 	0 	
2.04 	0 	
2.05 	0 	
2.06 	0 	
2.07 	0 	
2.08 	0 	
2.09 	0 	
2.1 	0 	
2.11 	0 	
2.12 	0 	
2.13 	0 	
2.14 	0 	
2.15 	0 	
2.16 	0 	
2.17 	0 	
2.18 	0 	
2.19 	0 	
2.2 	0 	
2.21 	0 	
2.22 	0 	
2.23 	0 	
2.24 	0 	
2.25 	0 	
2.26 	0 	
2.27 	0 	
2.28 	0 	
2.29 	0 	
2.3 	0 	
2.31 	0 	
2.32 	0 	
2.33 	0 	
2.34 	0 	
2.35 	0 	
2.36 	0 	
2.37 	0 	
2.38 	0 	
2.39 	0 	
2.4 	0 	
2.41 	0 	
2.42 	0 	
2.43 	0 	
2.44 	0 	
2.45 	0 	
2.46 	0 	
2.47 	0 	
2.48 	0 	
2.49 	0 	
2.5 	0 	
2.51 	0 	
2.52 	0 	
2.53 	0 	
2.54 	0 	
2.55 	0 	
2.56 	0 	
2.57 	0 	
2.58 	0 	
2.59 	0 	
2.6 	0 	
2.61 	0 	
2.62 	0 	
2.63 	0 	
2.64 	0 	
2.65 	0 	
2.66 	0 	
2.67 	0 	
2.68 	0 	
2.69 	0 	
2.7 	0 	
2.71 	0 	
2.72 	0 	
2.73 	0 	
2.74 	0 	
2.75 	0 	
2.76 	0 	
2.77 	0 	
2.78 	0 	
2.79 	0 	
2.8 	0 	
2.81 	0 	
2.82 	0 	
2.83 	0 	
2.84 	0 	
2.85 	0 	
2.86 	0 	
2.87 	0 	
2.88 	0 	
2.89 	0 	
2.9 	0 	
2.91 	0 	
2.92 	0 	
2.93 	0 	
2.94 	0 	
2.95 	0 	
2.96 	0 	
2.97 	0 	
2.98 	0 	
2.99 	0 	
3 	0 	
3.01 	0 	
3.02 	0 	
3.03 	0 	
3.04 	0 	
3.05 	0 	
3.06 	0 	
3.07 	0 	
3.08 	0 	
3.09 	0 	
3.1 	0 	
3.11 	0 	
3.12 	0 	
3.13 	0 	
3.14 	0 	
3.15 	0 	
3.16 	0 	
3.17 	0 	
3.18 	0 	
3.19 	0 	
3.2 	0 	
3.21 	0 	
3.22 	0 	
3.23 	0 	
3.24 	0 	
3.25 	0 	
3.26 	0 	
3.27 	0 	
3.28 	0 	
3.29 	0 	
3.3 	0 	
3.31 	0 	
3.32 	0 	
3.33 	0 	
3.34 	0 	
3.35 	0 	
3.36 	0 	
3.37 	0 	
3.38 	0 	
3.39 	0 	
3.4 	0 	
3.41 	0 	
3.42 	0 	
3.43 	0 	
3.44 	0 	
3.45 	0 	
3.46 	0 	
3.47 	0 	
3.48 	0 	
3.49 	0 	
3.5 	0 	
3.51 	0 	
3.52 	0 	
3.53 	0 	
3.54 	0 	
3.55 	0 	
3.56 	0 	
3.57 	0 	
3.58 	0 	
3.59 	0 	
3.6 	0 	
3.61 	0 	
3.62 	0 	
3.63 	0 	
3.64 	0 	
3.65 	0 	
3.66 	0 	
3.67 	0 	
3.68 	0 	
3.69 	0 	
3.7 	0 	
3.71 	0 	
3.72 	0 	
3.73 	0 	
3.74 	0 	
3.75 	0 	
3.76 	0 	
3.77 	0 	
3.78 	0 	
3.79 	0 	
3.8 	0 	
3.81 	0 	
3.82 	0 	
3.83 	0 	
3.84 	0 	
3.85 	0 	
3.86 	0 	
3.87 	0 	
3.88 	0 	
3.89 	0 	
3.9 	0 	
3.91 	0 	
3.92 	0 	
3.93 	0 	
3.94 	0 	
3.95 	0 	
3.96 	0 	
3.97 	0 	
3.98 	0 	
3.99 	0 	
4 	0 	
4.01 	0 	
4.02 	0 	
4.03 	0 	
4.04 	0 	
4.05 	0 	
4.06 	0 	
4.07 	0 	
4.08 	0 	
4.09 	0 	
4.1 	0 	
4.11 	0 	
4.12 	0 	
4.13 	0 	
4.14 	0 	
4.15 	0 	
4.16 	0 	
4.17 	0 	
4.18 	0 	
4.19 	0 	
4.2 	0 	
4.21 	0 	
4.22 	0.000643884 	
4.23 	0.000643884 	
4.24 	0 	
4.25 	0.000643884 	
4.26 	0.000643884 	
4.27 	0 	
4.28 	0.000643884 	
4.29 	0.000643884 	
4.3 	0 	
4.31 	0.000643884 	
4.32 	0.000643884 	
4.33 	0 	
4.34 	0.000643884 	
4.35 	0.000643884 	
4.36 	0 	
4.37 	0.000643884 	
4.38 	0.000643884 	
4.39 	0 	
4.4 	0.000643884 	
4.41 	0.000643884 	
4.42 	0 	
4.43 	0.000643884 	
4.44 	0.000643884 	
4.45 	0 	
4.46 	0.000643884 	
4.47 	0.000643884 	
4.48 	0 	
4.49 	0.000643884 	
4.5 	0.000643884 	
4.51 	0 	
4.52 	0.000643884 	
4.53 	0.000643884 	
4.54 	0 	
4.55 	0.000643884 	
4.56 	0.000643884 	
4.57 	0 	
4.58 	0.000643884 	
4.59 	0.000643884 	
4.6 	0 	
4.61 	0.000643884 	
4.62 	0.000643884 	
4.63 	0 	
4.64 	0.000643884 	
4.65 	0.000643884 	
4.66 	0 	
4.67 	0.000643884 	
4.68 	0.000643884 	
4.69 	0 	
4.7 	0.000643884 	
4.71 	0.000643884 	
4.72 	0 	
4.73 	0.000643884 	
4.74 	0.000643884 	
4.75 	0 	
4.76 	0.000643884 	
4.77 	0.000643884 	
4.78 	0 	
4.79 	0.000643884 	
4.8 	0.000643884 	
4.81 	0 	
4.82 	0.000643884 	
4.83 	0.000643884 	
4.84 	0 	
4.85 	0.000643884 	
4.86 	0.000643884 	
4.87 	0 	
4.88 	0.000643884 	
4.89 	0.000643884 	
4.9 	0 	
4.91 	0.000643884 	
4.92 	0.000643884 	
4.93 	0 	
4.94 	0.000643884 	
4.95 	0.000643884 	
4.96 	0 	
4.97 	0.000643884 	
4.98 	0.000643884 	
4.99 	0 	
5 	0.000643884 	
