0 	0 	0 	0 	0 	
0 	0 	0 	0 	0 	
0 	0 	0 	0 	0 	
0 	0 	0 	0 	0 	
0 	0 	0 	0 	0 	
Time 0.162161 Gyr
0 	0 	1 	0 	0 	
0 	0 	0 	0 	0 	
1 	0 	0 	0 	0 	
0 	0 	0 	0 	0 	
0 	0 	0 	0 	0 	
Time 0.162168 Gyr
0 	0 	1 	0 	0 	
0 	0 	0 	0 	0 	
1 	0 	0 	0 	0 	
0 	0 	0 	0 	0 	
0 	0 	0 	0 	0 	
Time 0.162169 Gyr
0 	0 	1 	0 	0 	
0 	0 	0 	0 	0 	
1 	0 	0 	0 	0 	
0 	0 	0 	0 	0 	
0 	0 	0 	0 	0 	
Time 0.162172 Gyr
0 	0 	1 	0 	0 	
0 	0 	0 	0 	0 	
1 	0 	0 	0 	0 	
0 	0 	0 	0 	0 	
0 	0 	0 	0 	0 	
Time 0.162173 Gyr
0 	0 	1 	0 	0 	
0 	0 	0 	0 	0 	
1 	0 	0 	0 	0 	
0 	0 	0 	0 	0 	
0 	0 	0 	0 	0 	
Time 0.162173 Gyr
0 	0 	1 	0 	0 	
0 	0 	0 	0 	0 	
1 	0 	0 	0 	0 	
0 	0 	0 	0 	0 	
0 	0 	0 	0 	0 	
Time 0.162174 Gyr
0 	0 	1 	0 	0 	
0 	0 	0 	0 	0 	
1 	0 	0 	0 	0 	
0 	0 	0 	0 	0 	
0 	0 	0 	0 	0 	
Time 0.162175 Gyr
0 	0 	1 	0 	0 	
0 	0 	0 	0 	0 	
1 	0 	0 	0 	0 	
0 	0 	0 	0 	0 	
0 	0 	0 	0 	0 	
Time 0.162175 Gyr
0 	0 	0 	0 	0 	
0 	0 	1 	0 	0 	
0 	1 	0 	0 	0 	
0 	0 	0 	0 	0 	
0 	0 	0 	0 	0 	
Time 0.162175 Gyr
0 	0 	0 	0 	0 	
0 	0 	0 	0 	0 	
0 	0 	0 	0 	0 	
0 	0 	0 	0 	0 	
0 	0 	0 	0 	0 	
