0 	0 	0 	0 	0 	
0 	0 	0 	0 	0 	
0 	0 	0 	0 	0 	
0 	0 	0 	0 	0 	
0 	0 	0 	0 	0 	
Time 0.471117 Gyr
0 	0 	0 	0 	0 	
0 	0 	3 	0 	0 	
0 	3 	0 	0 	0 	
0 	0 	0 	0 	0 	
0 	0 	0 	0 	0 	
Time 0.472 Gyr
0 	0 	0 	0 	0 	
0 	0 	0 	0 	0 	
0 	0 	0 	0 	0 	
0 	0 	0 	0 	0 	
0 	0 	0 	0 	0 	
Time 2.18212 Gyr
0 	0 	0 	0 	0 	
0 	0 	0 	0 	0 	
0 	0 	0 	2 	0 	
0 	0 	2 	0 	0 	
0 	0 	0 	0 	0 	
Time 2.183 Gyr
0 	0 	0 	0 	0 	
0 	0 	0 	0 	0 	
0 	0 	0 	0 	0 	
0 	0 	0 	0 	0 	
0 	0 	0 	0 	0 	
Time 2.49046 Gyr
0 	0 	0 	0 	0 	
0 	0 	0 	0 	0 	
0 	0 	0 	2 	0 	
0 	0 	2 	0 	0 	
0 	0 	0 	0 	0 	
Time 2.491 Gyr
0 	0 	0 	0 	0 	
0 	0 	0 	0 	0 	
0 	0 	0 	0 	0 	
0 	0 	0 	0 	0 	
0 	0 	0 	0 	0 	
Time 2.78396 Gyr
0 	0 	0 	0 	0 	
0 	0 	0 	0 	0 	
0 	0 	0 	2 	0 	
0 	0 	2 	0 	0 	
0 	0 	0 	0 	0 	
Time 2.784 Gyr
0 	0 	0 	0 	0 	
0 	0 	0 	0 	0 	
0 	0 	0 	0 	0 	
0 	0 	0 	0 	0 	
0 	0 	0 	0 	0 	
Time 3.06151 Gyr
0 	0 	0 	0 	0 	
0 	0 	0 	0 	0 	
0 	0 	0 	2 	0 	
0 	0 	2 	0 	0 	
0 	0 	0 	0 	0 	
Time 3.062 Gyr
0 	0 	0 	0 	0 	
0 	0 	0 	0 	0 	
0 	0 	0 	0 	0 	
0 	0 	0 	0 	0 	
0 	0 	0 	0 	0 	
Time 3.29704 Gyr
0 	0 	0 	0 	0 	
0 	0 	0 	0 	0 	
0 	0 	0 	2 	0 	
0 	0 	2 	0 	0 	
0 	0 	0 	0 	0 	
Time 3.298 Gyr
0 	0 	0 	0 	0 	
0 	0 	0 	0 	0 	
0 	0 	0 	0 	0 	
0 	0 	0 	0 	0 	
0 	0 	0 	0 	0 	
Time 3.5444 Gyr
0 	0 	0 	0 	0 	
0 	0 	0 	0 	0 	
0 	0 	0 	2 	0 	
0 	0 	2 	0 	0 	
0 	0 	0 	0 	0 	
Time 3.545 Gyr
0 	0 	0 	0 	0 	
0 	0 	0 	0 	0 	
0 	0 	0 	0 	0 	
0 	0 	0 	0 	0 	
0 	0 	0 	0 	0 	
Time 3.75243 Gyr
0 	0 	0 	0 	0 	
0 	0 	0 	0 	0 	
0 	0 	0 	2 	0 	
0 	0 	2 	0 	0 	
0 	0 	0 	0 	0 	
Time 3.753 Gyr
0 	0 	0 	0 	0 	
0 	0 	0 	0 	0 	
0 	0 	0 	0 	0 	
0 	0 	0 	0 	0 	
0 	0 	0 	0 	0 	
Time 3.77176 Gyr
0 	0 	0 	0 	0 	
0 	0 	0 	1 	0 	
0 	0 	0 	0 	0 	
0 	1 	0 	0 	0 	
0 	0 	0 	0 	0 	
Time 3.772 Gyr
0 	0 	0 	0 	0 	
0 	0 	0 	0 	0 	
0 	0 	0 	0 	0 	
0 	0 	0 	0 	0 	
0 	0 	0 	0 	0 	
Time 3.80279 Gyr
0 	0 	0 	0 	0 	
0 	0 	3 	0 	0 	
0 	3 	0 	0 	0 	
0 	0 	0 	0 	0 	
0 	0 	0 	0 	0 	
Time 3.803 Gyr
0 	0 	0 	0 	0 	
0 	0 	0 	0 	0 	
0 	0 	0 	0 	0 	
0 	0 	0 	0 	0 	
0 	0 	0 	0 	0 	
Time 3.89289 Gyr
0 	0 	0 	0 	0 	
0 	0 	0 	1 	0 	
0 	0 	0 	0 	0 	
0 	1 	0 	0 	0 	
0 	0 	0 	0 	0 	
Time 3.893 Gyr
0 	0 	0 	0 	0 	
0 	0 	0 	0 	0 	
0 	0 	0 	0 	0 	
0 	0 	0 	0 	0 	
0 	0 	0 	0 	0 	
