0.991 	200 	1.28753e+15 	3.3966e+15 	0 	0 	0 	0 	1 	
1.982 	200 	9.01274e+15 	2.37762e+16 	0 	0 	0 	0 	1 	
2.973 	200 	2.44632e+16 	6.45355e+16 	0 	0 	0 	0 	1 	
3.964 	200 	4.76388e+16 	1.25674e+17 	0 	0 	0 	0 	1 	
4.955 	200 	7.85396e+16 	2.07193e+17 	0 	0 	0 	0 	1 	
5.946 	200 	1.17166e+17 	3.09091e+17 	0 	0 	0 	0 	1 	
6.937 	200 	1.63517e+17 	4.31369e+17 	0 	0 	0 	0 	1 	
7.928 	200 	2.17593e+17 	5.74026e+17 	0 	0 	0 	0 	1 	
8.919 	200 	2.79395e+17 	7.37063e+17 	0 	0 	0 	0 	1 	
9.91 	200 	3.48922e+17 	9.20479e+17 	0 	0 	0 	0 	1 	
10.901 	200 	4.26174e+17 	1.12428e+18 	0 	0 	0 	0 	1 	
11.892 	200 	5.11151e+17 	1.34845e+18 	0 	0 	0 	0 	1 	
12.883 	200 	6.03854e+17 	1.59301e+18 	0 	0 	0 	0 	1 	
13.874 	200 	7.04281e+17 	1.85794e+18 	0 	0 	0 	0 	1 	
14.865 	200 	8.12434e+17 	2.14326e+18 	0 	0 	0 	0 	1 	
15.856 	200 	9.28312e+17 	2.44895e+18 	0 	0 	0 	0 	1 	
16.847 	200 	1.05192e+18 	2.77502e+18 	0 	0 	0 	0 	1 	
17.838 	200 	1.18324e+18 	3.12148e+18 	0 	0 	0 	0 	1 	
18.829 	200 	1.3223e+18 	3.48831e+18 	0 	0 	0 	0 	1 	
19.82 	200 	1.46908e+18 	3.87552e+18 	0 	0 	0 	0 	1 	
20.811 	200 	1.62358e+18 	4.28312e+18 	0 	0 	0 	0 	1 	
21.802 	200 	1.78581e+18 	4.71109e+18 	0 	0 	0 	0 	1 	
22.793 	200 	1.95576e+18 	5.15944e+18 	0 	0 	0 	0 	1 	
23.784 	200 	2.13344e+18 	5.62817e+18 	0 	0 	0 	0 	1 	
24.775 	200 	2.31885e+18 	6.11728e+18 	0 	0 	0 	0 	1 	
25.766 	200 	2.51198e+18 	6.62677e+18 	0 	0 	0 	0 	1 	
26.757 	200 	2.71283e+18 	7.15664e+18 	0 	0 	0 	0 	1 	
27.748 	200 	2.92142e+18 	7.70689e+18 	0 	0 	0 	0 	1 	
28.739 	200 	3.13772e+18 	8.27752e+18 	0 	0 	0 	0 	1 	
29.73 	200 	3.36175e+18 	8.86853e+18 	0 	0 	0 	0 	1 	
30.721 	200 	3.59351e+18 	9.47992e+18 	0 	0 	0 	0 	1 	
31.712 	200 	3.83299e+18 	1.01117e+19 	0 	0 	0 	0 	1 	
32.703 	200 	4.0802e+18 	1.07638e+19 	0 	0 	0 	0 	1 	
33.694 	200 	4.33513e+18 	1.14364e+19 	0 	0 	0 	0 	1 	
34.685 	200 	4.59778e+18 	1.21293e+19 	0 	0 	0 	0 	1 	
35.676 	200 	4.86817e+18 	1.28426e+19 	0 	0 	0 	0 	1 	
36.667 	200 	5.14627e+18 	1.35762e+19 	0 	0 	0 	0 	1 	
37.658 	200 	5.43211e+18 	1.43303e+19 	0 	0 	0 	0 	1 	
38.649 	200 	5.72566e+18 	1.51047e+19 	0 	0 	0 	0 	1 	
39.64 	200 	6.02695e+18 	1.58995e+19 	0 	0 	0 	0 	1 	
40.631 	200 	6.33596e+18 	1.67147e+19 	0 	0 	0 	0 	1 	
41.622 	200 	6.65269e+18 	1.75502e+19 	0 	0 	0 	0 	1 	
42.613 	200 	6.97715e+18 	1.84062e+19 	0 	0 	0 	0 	1 	
43.604 	200 	7.30933e+18 	1.92825e+19 	0 	0 	0 	0 	1 	
44.595 	200 	7.64924e+18 	2.01792e+19 	0 	0 	0 	0 	1 	
45.586 	200 	7.99688e+18 	2.10963e+19 	0 	0 	0 	0 	1 	
46.577 	200 	8.35223e+18 	2.20338e+19 	0 	0 	0 	0 	1 	
47.568 	200 	8.71532e+18 	2.29916e+19 	0 	0 	0 	0 	1 	
48.559 	200 	9.08613e+18 	2.39698e+19 	0 	0 	0 	0 	1 	
49.55 	200 	9.46466e+18 	2.49684e+19 	0 	0 	0 	0 	1 	
50.541 	200 	9.85092e+18 	2.59874e+19 	0 	0 	0 	0 	1 	
51.532 	200 	1.02449e+19 	2.70268e+19 	0 	0 	0 	0 	1 	
52.523 	200 	1.06466e+19 	2.80865e+19 	0 	0 	0 	0 	1 	
53.514 	200 	1.10561e+19 	2.91666e+19 	0 	0 	0 	0 	1 	
54.505 	200 	1.14732e+19 	3.02671e+19 	0 	0 	0 	0 	1 	
55.496 	200 	1.18981e+19 	3.1388e+19 	0 	0 	0 	0 	1 	
56.487 	200 	1.23307e+19 	3.25293e+19 	0 	0 	0 	0 	1 	
57.478 	200 	1.27711e+19 	3.36909e+19 	0 	0 	0 	0 	1 	
58.469 	200 	1.32191e+19 	3.48729e+19 	0 	0 	0 	0 	1 	
59.46 	200 	1.36749e+19 	3.60753e+19 	0 	0 	0 	0 	1 	
60.451 	200 	1.41384e+19 	3.72981e+19 	0 	0 	0 	0 	1 	
61.442 	200 	1.46097e+19 	3.85413e+19 	0 	0 	0 	0 	1 	
62.433 	200 	1.50886e+19 	3.98048e+19 	0 	0 	0 	0 	1 	
63.424 	200 	1.55753e+19 	4.10887e+19 	0 	0 	0 	0 	1 	
64.415 	200 	1.60697e+19 	4.2393e+19 	0 	0 	0 	0 	1 	
65.406 	200 	1.65719e+19 	4.37177e+19 	0 	0 	0 	0 	1 	
66.397 	200 	1.70817e+19 	4.50627e+19 	0 	0 	0 	0 	1 	
67.388 	200 	1.75993e+19 	4.64282e+19 	0 	0 	0 	0 	1 	
68.379 	200 	1.81246e+19 	4.7814e+19 	0 	0 	0 	0 	1 	
69.37 	200 	1.86577e+19 	4.92202e+19 	0 	0 	0 	0 	1 	
70.361 	200 	1.91984e+19 	5.06467e+19 	0 	0 	0 	0 	1 	
71.352 	200 	1.97469e+19 	5.20937e+19 	0 	0 	0 	0 	1 	
72.343 	200 	2.03031e+19 	5.3561e+19 	0 	0 	0 	0 	1 	
73.334 	200 	2.08671e+19 	5.50487e+19 	0 	0 	0 	0 	1 	
74.325 	200 	2.14387e+19 	5.65568e+19 	0 	0 	0 	0 	1 	
75.316 	200 	2.20181e+19 	5.80853e+19 	0 	0 	0 	0 	1 	
76.307 	200 	2.26052e+19 	5.96342e+19 	0 	0 	0 	0 	1 	
77.298 	200 	2.32001e+19 	6.12034e+19 	0 	0 	0 	0 	1 	
78.289 	200 	2.38026e+19 	6.2793e+19 	0 	0 	0 	0 	1 	
79.28 	200 	2.44129e+19 	6.4403e+19 	0 	0 	0 	0 	1 	
80.271 	200 	2.5031e+19 	6.60334e+19 	0 	0 	0 	0 	1 	
81.262 	200 	2.56567e+19 	6.76841e+19 	0 	0 	0 	0 	1 	
82.253 	200 	2.62902e+19 	6.93552e+19 	0 	0 	0 	0 	1 	
83.244 	200 	2.69314e+19 	7.10467e+19 	0 	0 	0 	0 	1 	
84.235 	200 	2.75803e+19 	7.27586e+19 	0 	0 	0 	0 	1 	
85.226 	200 	2.82369e+19 	7.44909e+19 	0 	0 	0 	0 	1 	
86.217 	200 	2.89013e+19 	7.62435e+19 	0 	0 	0 	0 	1 	
87.208 	200 	2.95734e+19 	7.80166e+19 	0 	0 	0 	0 	1 	
88.199 	200 	3.02532e+19 	7.981e+19 	0 	0 	0 	0 	1 	
89.19 	200 	3.09407e+19 	8.16238e+19 	0 	0 	0 	0 	1 	
90.181 	200 	3.1636e+19 	8.34579e+19 	0 	0 	0 	0 	1 	
91.172 	200 	3.2339e+19 	8.53125e+19 	0 	0 	0 	0 	1 	
92.163 	200 	3.30497e+19 	8.71874e+19 	0 	0 	0 	0 	1 	
93.154 	200 	3.37682e+19 	8.90827e+19 	0 	0 	0 	0 	1 	
94.145 	200 	3.44943e+19 	9.09984e+19 	0 	0 	0 	0 	1 	
95.136 	200 	3.52282e+19 	9.29345e+19 	0 	0 	0 	0 	1 	
96.127 	200 	3.59698e+19 	9.48909e+19 	0 	0 	0 	0 	1 	
97.118 	200 	3.67192e+19 	9.68677e+19 	0 	0 	0 	0 	1 	
98.109 	200 	3.74763e+19 	9.88649e+19 	0 	0 	0 	0 	1 	
99.1 	200 	3.82411e+19 	1.00883e+20 	0 	0 	0 	0 	1 	
100.091 	200 	3.90136e+19 	1.0292e+20 	0 	0 	0 	0 	1 	
101.082 	200 	3.97938e+19 	1.04979e+20 	0 	0 	0 	0 	1 	
102.073 	200 	4.05818e+19 	1.07058e+20 	0 	0 	0 	0 	1 	
103.064 	200 	4.13775e+19 	1.09157e+20 	0 	0 	0 	0 	1 	
104.055 	200 	4.21809e+19 	1.11276e+20 	0 	0 	0 	0 	1 	
105.046 	200 	4.29921e+19 	1.13416e+20 	0 	0 	0 	0 	1 	
106.037 	200 	4.38109e+19 	1.15576e+20 	0 	0 	0 	0 	1 	
107.028 	200 	4.46375e+19 	1.17757e+20 	0 	0 	0 	0 	1 	
108.019 	200 	4.54718e+19 	1.19958e+20 	0 	0 	0 	0 	1 	
109.01 	200 	4.63139e+19 	1.22179e+20 	0 	0 	0 	0 	1 	
110.001 	200 	4.71637e+19 	1.24421e+20 	0 	0 	0 	0 	1 	
110.992 	200 	4.80212e+19 	1.26683e+20 	0 	0 	0 	0 	1 	
111.983 	200 	4.88864e+19 	1.28966e+20 	0 	0 	0 	0 	1 	
112.974 	200 	4.97593e+19 	1.31269e+20 	0 	0 	0 	0 	1 	
113.965 	200 	5.064e+19 	1.33592e+20 	0 	0 	0 	0 	1 	
114.956 	200 	5.15284e+19 	1.35935e+20 	0 	0 	0 	0 	1 	
115.947 	200 	5.24245e+19 	1.38299e+20 	0 	0 	0 	0 	1 	
116.938 	200 	5.33284e+19 	1.40684e+20 	0 	0 	0 	0 	1 	
117.929 	200 	5.424e+19 	1.43089e+20 	0 	0 	0 	0 	1 	
118.92 	200 	5.51593e+19 	1.45514e+20 	0 	0 	0 	0 	1 	
119.911 	200 	5.60863e+19 	1.47959e+20 	0 	0 	0 	0 	1 	
120.902 	200 	5.7021e+19 	1.50425e+20 	0 	0 	0 	0 	1 	
121.893 	200 	5.79635e+19 	1.52912e+20 	0 	0 	0 	0 	1 	
122.884 	200 	5.89137e+19 	1.55418e+20 	0 	0 	0 	0 	1 	
123.875 	200 	5.98716e+19 	1.57945e+20 	0 	0 	0 	0 	1 	
124.866 	200 	6.08373e+19 	1.60493e+20 	0 	0 	0 	0 	1 	
125.857 	200 	6.18107e+19 	1.63061e+20 	0 	0 	0 	0 	1 	
126.848 	200 	6.27918e+19 	1.65649e+20 	0 	0 	0 	0 	1 	
127.839 	200 	6.37806e+19 	1.68258e+20 	0 	0 	0 	0 	1 	
128.83 	200 	6.47771e+19 	1.70886e+20 	0 	0 	0 	0 	1 	
129.821 	200 	6.57814e+19 	1.73536e+20 	0 	0 	0 	0 	1 	
130.812 	200 	6.67934e+19 	1.76206e+20 	0 	0 	0 	0 	1 	
131.803 	200 	6.78131e+19 	1.78896e+20 	0 	0 	0 	0 	1 	
132.794 	200 	6.88406e+19 	1.81606e+20 	0 	0 	0 	0 	1 	
133.785 	200 	6.98758e+19 	1.84337e+20 	0 	0 	0 	0 	1 	
134.776 	200 	7.09187e+19 	1.87088e+20 	0 	0 	0 	0 	1 	
135.767 	200 	7.19693e+19 	1.8986e+20 	0 	0 	0 	0 	1 	
136.758 	200 	7.30277e+19 	1.92652e+20 	0 	0 	0 	0 	1 	
137.749 	200 	7.40937e+19 	1.95464e+20 	0 	0 	0 	0 	1 	
138.74 	200 	7.51675e+19 	1.98297e+20 	0 	0 	0 	0 	1 	
139.731 	200 	7.62491e+19 	2.0115e+20 	0 	0 	0 	0 	1 	
140.722 	200 	7.73383e+19 	2.04024e+20 	0 	0 	0 	0 	1 	
141.713 	200 	7.84353e+19 	2.06918e+20 	0 	0 	0 	0 	1 	
142.704 	200 	7.954e+19 	2.09832e+20 	0 	0 	0 	0 	1 	
143.695 	200 	8.06524e+19 	2.12767e+20 	0 	0 	0 	0 	1 	
144.686 	200 	8.17726e+19 	2.15722e+20 	0 	0 	0 	0 	1 	
145.677 	200 	8.29005e+19 	2.18697e+20 	0 	0 	0 	0 	1 	
146.668 	200 	8.40361e+19 	2.21693e+20 	0 	0 	0 	0 	1 	
147.659 	200 	8.51794e+19 	2.24709e+20 	0 	0 	0 	0 	1 	
148.65 	200 	8.63305e+19 	2.27746e+20 	0 	0 	0 	0 	1 	
149.641 	200 	8.74892e+19 	2.30803e+20 	0 	0 	0 	0 	1 	
150.632 	200 	8.86557e+19 	2.3388e+20 	0 	0 	0 	0 	1 	
151.623 	200 	8.983e+19 	2.36978e+20 	0 	0 	0 	0 	1 	
152.614 	200 	9.10119e+19 	2.40096e+20 	0 	0 	0 	0 	1 	
153.605 	200 	9.22016e+19 	2.43234e+20 	0 	0 	0 	0 	1 	
154.596 	200 	9.3399e+19 	2.46393e+20 	0 	0 	0 	0 	1 	
155.587 	200 	9.46042e+19 	2.49572e+20 	0 	0 	0 	0 	1 	
156.578 	200 	9.5817e+19 	2.52772e+20 	0 	0 	0 	0 	1 	
157.569 	200 	9.70376e+19 	2.55992e+20 	0 	0 	0 	0 	1 	
158.56 	200 	9.82659e+19 	2.59232e+20 	0 	0 	0 	0 	1 	
159.551 	200 	9.95019e+19 	2.62493e+20 	0 	0 	0 	0 	1 	
160.542 	200 	1.00746e+20 	2.65774e+20 	0 	0 	0 	0 	1 	
161.533 	200 	1.01997e+20 	2.69075e+20 	0 	0 	0 	0 	1 	
162.524 	200 	1.03256e+20 	2.72397e+20 	0 	0 	0 	0 	1 	
163.515 	200 	1.04523e+20 	2.7574e+20 	0 	0 	0 	0 	1 	
164.506 	200 	1.05798e+20 	2.79102e+20 	0 	0 	0 	0 	1 	
165.497 	200 	1.0708e+20 	2.82485e+20 	0 	0 	0 	0 	1 	
166.488 	200 	1.0837e+20 	2.85889e+20 	0 	0 	0 	0 	1 	
167.479 	200 	1.09668e+20 	2.89312e+20 	0 	0 	0 	0 	1 	
168.47 	200 	1.10974e+20 	2.92757e+20 	0 	0 	0 	0 	1 	
169.461 	200 	1.12287e+20 	2.96221e+20 	0 	0 	0 	0 	1 	
170.452 	200 	1.13608e+20 	2.99706e+20 	0 	0 	0 	0 	1 	
171.443 	200 	1.14937e+20 	3.03211e+20 	0 	0 	0 	0 	1 	
172.434 	200 	1.16273e+20 	3.06737e+20 	0 	0 	0 	0 	1 	
173.425 	200 	1.17618e+20 	3.10283e+20 	0 	0 	0 	0 	1 	
174.416 	200 	1.18969e+20 	3.1385e+20 	0 	0 	0 	0 	1 	
175.407 	200 	1.20329e+20 	3.17436e+20 	0 	0 	0 	0 	1 	
176.398 	200 	1.21696e+20 	3.21044e+20 	0 	0 	0 	0 	1 	
177.389 	200 	1.23072e+20 	3.24671e+20 	0 	0 	0 	0 	1 	
178.38 	200 	1.24454e+20 	3.28319e+20 	0 	0 	0 	0 	1 	
179.371 	200 	1.25845e+20 	3.31987e+20 	0 	0 	0 	0 	1 	
180.362 	200 	1.27243e+20 	3.35676e+20 	0 	0 	0 	0 	1 	
181.353 	200 	1.28649e+20 	3.39385e+20 	0 	0 	0 	0 	1 	
182.344 	200 	1.30063e+20 	3.43115e+20 	0 	0 	0 	0 	1 	
183.335 	200 	1.31484e+20 	3.46864e+20 	0 	0 	0 	0 	1 	
184.326 	200 	1.32913e+20 	3.50635e+20 	0 	0 	0 	0 	1 	
185.317 	200 	1.3435e+20 	3.54425e+20 	0 	0 	0 	0 	1 	
186.308 	200 	1.35795e+20 	3.58236e+20 	0 	0 	0 	0 	1 	
187.299 	200 	1.37247e+20 	3.62068e+20 	0 	0 	0 	0 	1 	
188.29 	200 	1.38707e+20 	3.65919e+20 	0 	0 	0 	0 	1 	
189.281 	200 	1.40175e+20 	3.69792e+20 	0 	0 	0 	0 	1 	
190.272 	200 	1.41651e+20 	3.73684e+20 	0 	0 	0 	0 	1 	
191.263 	200 	1.43134e+20 	3.77597e+20 	0 	0 	0 	0 	1 	
192.254 	200 	1.44625e+20 	3.8153e+20 	0 	0 	0 	0 	1 	
193.245 	200 	1.46124e+20 	3.85484e+20 	0 	0 	0 	0 	1 	
194.236 	200 	1.4763e+20 	3.89458e+20 	0 	0 	0 	0 	1 	
195.227 	200 	1.49144e+20 	3.93452e+20 	0 	0 	0 	0 	1 	
196.218 	200 	1.50666e+20 	3.97467e+20 	0 	0 	0 	0 	1 	
197.209 	200 	1.52196e+20 	4.01502e+20 	0 	0 	0 	0 	1 	
198.2 	200 	1.53733e+20 	4.05558e+20 	0 	0 	0 	0 	1 	
