1.58333 	181.082 	5.40367e+16 	0.0 	0.0 	0.0 	0.0 	1.0 	0.0 	
3.16667 	181.082 	3.78257e+17 	0.0 	0.0 	0.0 	0.0 	1.0 	0.0 	
4.75 	181.082 	1.0267e+18 	0 	0 	0 	0 	1 	0 	
6.33333 	181.082 	1.99936e+18 	0 	0 	0 	0 	1 	0 	
7.91667 	181.082 	3.29624e+18 	0 	0 	0 	0 	1 	0 	
9.5 	181.082 	4.91734e+18 	0 	0 	0 	0 	1 	0 	
11.0833 	181.082 	6.86266e+18 	0 	0 	0 	0 	1 	0 	
12.6667 	181.082 	9.13221e+18 	0 	0 	0 	0 	1 	0 	
14.25 	181.082 	1.1726e+19 	0 	0 	0 	0 	1 	0 	
15.8333 	181.082 	1.4644e+19 	0 	0 	0 	0 	1 	0 	
17.4167 	181.082 	1.78862e+19 	0 	0 	0 	0 	1 	0 	
19 	181.082 	2.14526e+19 	0 	0 	0 	0 	1 	0 	
20.5833 	181.082 	2.53432e+19 	0 	0 	0 	0 	1 	0 	
22.1667 	181.082 	2.95581e+19 	0 	0 	0 	0 	1 	0 	
23.75 	181.082 	3.40972e+19 	0 	0 	0 	0 	1 	0 	
25.3333 	181.082 	3.89605e+19 	0 	0 	0 	0 	1 	0 	
26.9167 	181.082 	4.4148e+19 	0 	0 	0 	0 	1 	0 	
28.5 	181.082 	4.96598e+19 	0 	0 	0 	0 	1 	0 	
30.0833 	181.082 	5.54957e+19 	0 	0 	0 	0 	1 	0 	
31.6667 	181.082 	6.16559e+19 	0 	0 	0 	0 	1 	0 	
33.25 	181.082 	6.81403e+19 	0 	0 	0 	0 	1 	0 	
34.8333 	181.082 	7.49489e+19 	0 	0 	0 	0 	1 	0 	
36.4167 	181.082 	8.20818e+19 	0 	0 	0 	0 	1 	0 	
38 	181.082 	8.95389e+19 	0 	0 	0 	0 	1 	0 	
39.5833 	181.082 	9.73201e+19 	0 	0 	0 	0 	1 	0 	
41.1667 	181.082 	1.05426e+20 	0 	0 	0 	0 	1 	0 	
42.75 	181.082 	1.13855e+20 	0 	0 	0 	0 	1 	0 	
44.3333 	181.082 	1.22609e+20 	0 	0 	0 	0 	1 	0 	
45.9167 	181.082 	1.31688e+20 	0 	0 	0 	0 	1 	0 	
47.5 	181.082 	1.4109e+20 	0 	0 	0 	0 	1 	0 	
49.0833 	181.082 	1.50817e+20 	0 	0 	0 	0 	1 	0 	
50.6667 	181.082 	1.60867e+20 	0 	0 	0 	0 	1 	0 	
52.25 	181.082 	1.71242e+20 	0 	0 	0 	0 	1 	0 	
53.8333 	181.082 	1.81942e+20 	0 	0 	0 	0 	1 	0 	
55.4167 	181.082 	1.92965e+20 	0 	0 	0 	0 	1 	0 	
57 	181.082 	2.04313e+20 	0 	0 	0 	0 	1 	0 	
58.5833 	181.082 	2.15985e+20 	0 	0 	0 	0 	1 	0 	
60.1667 	181.082 	2.27981e+20 	0 	0 	0 	0 	1 	0 	
61.75 	181.082 	2.40301e+20 	0 	0 	0 	0 	1 	0 	
63.3333 	181.082 	2.52946e+20 	0 	0 	0 	0 	1 	0 	
64.9167 	181.082 	2.65915e+20 	0 	0 	0 	0 	1 	0 	
66.5 	181.082 	2.79208e+20 	0 	0 	0 	0 	1 	0 	
68.0833 	181.082 	2.92825e+20 	0 	0 	0 	0 	1 	0 	
69.6667 	181.082 	3.06766e+20 	0 	0 	0 	0 	1 	0 	
71.25 	181.082 	3.21032e+20 	0 	0 	0 	0 	1 	0 	
72.8333 	181.082 	3.35622e+20 	0 	0 	0 	0 	1 	0 	
74.4167 	181.082 	3.50536e+20 	0 	0 	0 	0 	1 	0 	
76 	181.082 	3.65775e+20 	0 	0 	0 	0 	1 	0 	
77.5833 	181.082 	3.81337e+20 	0 	0 	0 	0 	1 	0 	
79.1667 	181.082 	3.97224e+20 	0 	0 	0 	0 	1 	0 	
80.75 	181.082 	4.13435e+20 	0 	0 	0 	0 	1 	0 	
82.3333 	181.082 	4.2997e+20 	0 	0 	0 	0 	1 	0 	
83.9167 	181.082 	4.4683e+20 	0 	0 	0 	0 	1 	0 	
85.5 	181.082 	4.64013e+20 	0 	0 	0 	0 	1 	0 	
87.0833 	181.082 	4.81521e+20 	0 	0 	0 	0 	1 	0 	
88.6667 	181.082 	4.99353e+20 	0 	0 	0 	0 	1 	0 	
90.25 	181.082 	5.1751e+20 	0 	0 	0 	0 	1 	0 	
91.8333 	181.082 	5.3599e+20 	0 	0 	0 	0 	1 	0 	
93.4167 	181.082 	5.54795e+20 	0 	0 	0 	0 	1 	0 	
95 	181.082 	5.73924e+20 	0 	0 	0 	0 	1 	0 	
96.5833 	181.082 	5.93377e+20 	0 	0 	0 	0 	1 	0 	
98.1667 	181.082 	6.13155e+20 	0 	0 	0 	0 	1 	0 	
99.75 	181.082 	6.33256e+20 	0 	0 	0 	0 	1 	0 	
101.333 	181.082 	6.53682e+20 	0 	0 	0 	0 	1 	0 	
102.917 	181.082 	6.74432e+20 	0 	0 	0 	0 	1 	0 	
104.5 	181.082 	6.95507e+20 	0 	0 	0 	0 	1 	0 	
106.083 	181.082 	7.16905e+20 	0 	0 	0 	0 	1 	0 	
107.667 	181.082 	7.38628e+20 	0 	0 	0 	0 	1 	0 	
109.25 	181.082 	7.60675e+20 	0 	0 	0 	0 	1 	0 	
110.833 	181.082 	7.83046e+20 	0 	0 	0 	0 	1 	0 	
112.417 	181.082 	8.05742e+20 	0 	0 	0 	0 	1 	0 	
114 	181.082 	8.28761e+20 	0 	0 	0 	0 	1 	0 	
115.583 	181.082 	8.52105e+20 	0 	0 	0 	0 	1 	0 	
117.167 	181.082 	8.75773e+20 	0 	0 	0 	0 	1 	0 	
118.75 	181.082 	8.99766e+20 	0 	0 	0 	0 	1 	0 	
120.333 	181.082 	9.24082e+20 	0 	0 	0 	0 	1 	0 	
121.917 	181.082 	9.48723e+20 	0 	0 	0 	0 	1 	0 	
123.5 	181.082 	9.73688e+20 	0 	0 	0 	0 	1 	0 	
125.083 	181.082 	9.98977e+20 	0 	0 	0 	0 	1 	0 	
126.667 	181.082 	1.02459e+21 	0 	0 	0 	0 	1 	0 	
128.25 	181.082 	1.05053e+21 	0 	0 	0 	0 	1 	0 	
129.833 	181.082 	1.07679e+21 	0 	0 	0 	0 	1 	0 	
131.417 	181.082 	1.10338e+21 	0 	0 	0 	0 	1 	0 	
133 	181.082 	1.13029e+21 	0 	0 	0 	0 	1 	0 	
134.583 	181.082 	1.15752e+21 	0 	0 	0 	0 	1 	0 	
136.167 	181.082 	1.18508e+21 	0 	0 	0 	0 	1 	0 	
137.75 	181.082 	1.21296e+21 	0 	0 	0 	0 	1 	0 	
139.333 	181.082 	1.24117e+21 	0 	0 	0 	0 	1 	0 	
140.917 	181.082 	1.2697e+21 	0 	0 	0 	0 	1 	0 	
142.5 	181.082 	1.29856e+21 	0 	0 	0 	0 	1 	0 	
144.083 	181.082 	1.32774e+21 	0 	0 	0 	0 	1 	0 	
145.667 	181.082 	1.35724e+21 	0 	0 	0 	0 	1 	0 	
147.25 	181.082 	1.38707e+21 	0 	0 	0 	0 	1 	0 	
148.833 	181.082 	1.41722e+21 	0 	0 	0 	0 	1 	0 	
150.417 	181.082 	1.4477e+21 	0 	0 	0 	0 	1 	0 	
152 	181.082 	1.4785e+21 	0 	0 	0 	0 	1 	0 	
153.583 	181.082 	1.50962e+21 	0 	0 	0 	0 	1 	0 	
155.167 	181.082 	1.54107e+21 	0 	0 	0 	0 	1 	0 	
156.75 	181.082 	1.57285e+21 	0 	0 	0 	0 	1 	0 	
158.333 	181.082 	1.60494e+21 	0 	0 	0 	0 	1 	0 	
159.917 	181.082 	1.63737e+21 	0 	0 	0 	0 	1 	0 	
161.5 	181.082 	1.67011e+21 	0 	0 	0 	0 	1 	0 	
163.083 	181.082 	1.70318e+21 	0 	0 	0 	0 	1 	0 	
164.667 	181.082 	1.73658e+21 	0 	0 	0 	0 	1 	0 	
166.25 	181.082 	1.7703e+21 	0 	0 	0 	0 	1 	0 	
167.833 	181.082 	1.80434e+21 	0 	0 	0 	0 	1 	0 	
169.417 	181.082 	1.83871e+21 	0 	0 	0 	0 	1 	0 	
171 	181.082 	1.8734e+21 	0 	0 	0 	0 	1 	0 	
172.583 	181.082 	1.90842e+21 	0 	0 	0 	0 	1 	0 	
174.167 	181.082 	1.94376e+21 	0 	0 	0 	0 	1 	0 	
175.75 	181.082 	1.97942e+21 	0 	0 	0 	0 	1 	0 	
177.333 	181.082 	2.01541e+21 	0 	0 	0 	0 	1 	0 	
178.917 	181.082 	2.05172e+21 	0 	0 	0 	0 	1 	0 	
180.5 	181.082 	2.08836e+21 	0 	0 	0 	0 	1 	0 	
182.083 	181.082 	2.12532e+21 	0 	0 	0 	0 	1 	0 	
183.667 	181.082 	2.1626e+21 	0 	0 	0 	0 	1 	0 	
185.25 	181.082 	2.20021e+21 	0 	0 	0 	0 	1 	0 	
186.833 	181.082 	2.23815e+21 	0 	0 	0 	0 	1 	0 	
188.417 	181.082 	2.27641e+21 	0 	0 	0 	0 	1 	0 	
190 	181.082 	2.31499e+21 	0 	0 	0 	0 	1 	0 	
191.583 	181.082 	2.35389e+21 	0 	0 	0 	0 	1 	0 	
193.167 	181.082 	2.39312e+21 	0 	0 	0 	0 	1 	0 	
194.75 	181.082 	2.43268e+21 	0 	0 	0 	0 	1 	0 	
196.333 	181.082 	2.47256e+21 	0 	0 	0 	0 	1 	0 	
197.917 	181.082 	2.51276e+21 	0 	0 	0 	0 	1 	0 	
199.5 	181.082 	2.55329e+21 	0 	0 	0 	0 	1 	0 	
201.083 	181.082 	2.59414e+21 	0 	0 	0 	0 	1 	0 	
202.667 	181.082 	2.63532e+21 	0 	0 	0 	0 	1 	0 	
204.25 	181.082 	2.67682e+21 	0 	0 	0 	0 	1 	0 	
205.833 	181.082 	2.71864e+21 	0 	0 	0 	0 	1 	0 	
207.417 	181.082 	2.76079e+21 	0 	0 	0 	0 	1 	0 	
209 	181.082 	2.80326e+21 	0 	0 	0 	0 	1 	0 	
210.583 	181.082 	2.84606e+21 	0 	0 	0 	0 	1 	0 	
212.167 	181.082 	2.88918e+21 	0 	0 	0 	0 	1 	0 	
213.75 	181.082 	2.93263e+21 	0 	0 	0 	0 	1 	0 	
215.333 	181.082 	2.9764e+21 	0 	0 	0 	0 	1 	0 	
216.917 	181.082 	3.02049e+21 	0 	0 	0 	0 	1 	0 	
218.5 	181.082 	3.06491e+21 	0 	0 	0 	0 	1 	0 	
220.083 	181.082 	3.10965e+21 	0 	0 	0 	0 	1 	0 	
221.667 	181.082 	3.15472e+21 	0 	0 	0 	0 	1 	0 	
223.25 	181.082 	3.20011e+21 	0 	0 	0 	0 	1 	0 	
224.833 	181.082 	3.24582e+21 	0 	0 	0 	0 	1 	0 	
226.417 	181.082 	3.29186e+21 	0 	0 	0 	0 	1 	0 	
228 	181.082 	3.33823e+21 	0 	0 	0 	0 	1 	0 	
229.583 	181.082 	3.38491e+21 	0 	0 	0 	0 	1 	0 	
231.167 	181.082 	3.43193e+21 	0 	0 	0 	0 	1 	0 	
232.75 	181.082 	3.47926e+21 	0 	0 	0 	0 	1 	0 	
234.333 	181.082 	3.52692e+21 	0 	0 	0 	0 	1 	0 	
235.917 	181.082 	3.57491e+21 	0 	0 	0 	0 	1 	0 	
237.5 	181.082 	3.62322e+21 	0 	0 	0 	0 	1 	0 	
239.083 	181.082 	3.67185e+21 	0 	0 	0 	0 	1 	0 	
240.667 	181.082 	3.72081e+21 	0 	0 	0 	0 	1 	0 	
242.25 	181.082 	3.77009e+21 	0 	0 	0 	0 	1 	0 	
243.833 	181.082 	3.81969e+21 	0 	0 	0 	0 	1 	0 	
245.417 	181.082 	3.86962e+21 	0 	0 	0 	0 	1 	0 	
247 	181.082 	3.91988e+21 	0 	0 	0 	0 	1 	0 	
248.583 	181.082 	3.97046e+21 	0 	0 	0 	0 	1 	0 	
250.167 	181.082 	4.02136e+21 	0 	0 	0 	0 	1 	0 	
251.75 	181.082 	4.07259e+21 	0 	0 	0 	0 	1 	0 	
253.333 	181.082 	4.12414e+21 	0 	0 	0 	0 	1 	0 	
254.917 	181.082 	4.17601e+21 	0 	0 	0 	0 	1 	0 	
256.5 	181.082 	4.22821e+21 	0 	0 	0 	0 	1 	0 	
258.083 	181.082 	4.28074e+21 	0 	0 	0 	0 	1 	0 	
259.667 	181.082 	4.33358e+21 	0 	0 	0 	0 	1 	0 	
261.25 	181.082 	4.38676e+21 	0 	0 	0 	0 	1 	0 	
262.833 	181.082 	4.44025e+21 	0 	0 	0 	0 	1 	0 	
264.417 	181.082 	4.49407e+21 	0 	0 	0 	0 	1 	0 	
266 	181.082 	4.54822e+21 	0 	0 	0 	0 	1 	0 	
267.583 	181.082 	4.60269e+21 	0 	0 	0 	0 	1 	0 	
269.167 	181.082 	4.65748e+21 	0 	0 	0 	0 	1 	0 	
270.75 	181.082 	4.7126e+21 	0 	0 	0 	0 	1 	0 	
272.333 	181.082 	4.76804e+21 	0 	0 	0 	0 	1 	0 	
273.917 	181.082 	4.8238e+21 	0 	0 	0 	0 	1 	0 	
275.5 	181.082 	4.87989e+21 	0 	0 	0 	0 	1 	0 	
277.083 	181.082 	4.93631e+21 	0 	0 	0 	0 	1 	0 	
278.667 	181.082 	4.99305e+21 	0 	0 	0 	0 	1 	0 	
280.25 	181.082 	5.05011e+21 	0 	0 	0 	0 	1 	0 	
281.833 	181.082 	5.1075e+21 	0 	0 	0 	0 	1 	0 	
283.417 	181.082 	5.16521e+21 	0 	0 	0 	0 	1 	0 	
285 	181.082 	5.22324e+21 	0 	0 	0 	0 	1 	0 	
286.583 	181.082 	5.2816e+21 	0 	0 	0 	0 	1 	0 	
288.167 	181.082 	5.34029e+21 	0 	0 	0 	0 	1 	0 	
289.75 	181.082 	5.3993e+21 	0 	0 	0 	0 	1 	0 	
291.333 	181.082 	5.45863e+21 	0 	0 	0 	0 	1 	0 	
292.917 	181.082 	5.51828e+21 	0 	0 	0 	0 	1 	0 	
294.5 	181.082 	5.57827e+21 	0 	0 	0 	0 	1 	0 	
296.083 	181.082 	5.63857e+21 	0 	0 	0 	0 	1 	0 	
297.667 	181.082 	5.6992e+21 	0 	0 	0 	0 	1 	0 	
299.25 	181.082 	5.76015e+21 	0 	0 	0 	0 	1 	0 	
300.833 	181.082 	5.82143e+21 	0 	0 	0 	0 	1 	0 	
302.417 	181.082 	5.88303e+21 	0 	0 	0 	0 	1 	0 	
304 	181.082 	5.94496e+21 	0 	0 	0 	0 	1 	0 	
305.583 	181.082 	6.00721e+21 	0 	0 	0 	0 	1 	0 	
307.167 	181.082 	6.06978e+21 	0 	0 	0 	0 	1 	0 	
308.75 	181.082 	6.13268e+21 	0 	0 	0 	0 	1 	0 	
310.333 	181.082 	6.19591e+21 	0 	0 	0 	0 	1 	0 	
311.917 	181.082 	6.25945e+21 	0 	0 	0 	0 	1 	0 	
313.5 	181.082 	6.32332e+21 	0 	0 	0 	0 	1 	0 	
315.083 	181.082 	6.38752e+21 	0 	0 	0 	0 	1 	0 	
316.667 	181.082 	6.45204e+21 	0 	0 	0 	0 	1 	0 	
318.25 	181.082 	6.51688e+21 	0 	0 	0 	0 	1 	0 	
319.833 	181.082 	6.58205e+21 	0 	0 	0 	0 	1 	0 	
321.417 	181.082 	6.64754e+21 	0 	0 	0 	0 	1 	0 	
323 	181.082 	6.71336e+21 	0 	0 	0 	0 	1 	0 	
324.583 	181.082 	6.7795e+21 	0 	0 	0 	0 	1 	0 	
326.167 	181.082 	6.84597e+21 	0 	0 	0 	0 	1 	0 	
327.75 	181.082 	6.91276e+21 	0 	0 	0 	0 	1 	0 	
329.333 	181.082 	6.97987e+21 	0 	0 	0 	0 	1 	0 	
330.917 	181.082 	7.04731e+21 	0 	0 	0 	0 	1 	0 	
332.5 	181.082 	7.11507e+21 	0 	0 	0 	0 	1 	0 	
334.083 	181.082 	7.18316e+21 	0 	0 	0 	0 	1 	0 	
335.667 	181.082 	7.25157e+21 	0 	0 	0 	0 	1 	0 	
337.25 	181.082 	7.3203e+21 	0 	0 	0 	0 	1 	0 	
338.833 	181.082 	7.38936e+21 	0 	0 	0 	0 	1 	0 	
340.417 	181.082 	7.45874e+21 	0 	0 	0 	0 	1 	0 	
342 	181.082 	7.52845e+21 	0 	0 	0 	0 	1 	0 	
343.583 	181.082 	7.59848e+21 	0 	0 	0 	0 	1 	0 	
345.167 	181.082 	7.66884e+21 	0 	0 	0 	0 	1 	0 	
346.75 	181.082 	7.73952e+21 	0 	0 	0 	0 	1 	0 	
348.333 	181.082 	7.81052e+21 	0 	0 	0 	0 	1 	0 	
349.917 	181.082 	7.88185e+21 	0 	0 	0 	0 	1 	0 	
351.5 	181.082 	7.9535e+21 	0 	0 	0 	0 	1 	0 	
353.083 	181.082 	8.02548e+21 	0 	0 	0 	0 	1 	0 	
354.667 	181.082 	8.09778e+21 	0 	0 	0 	0 	1 	0 	
356.25 	181.082 	8.17041e+21 	0 	0 	0 	0 	1 	0 	
357.833 	181.082 	8.24336e+21 	0 	0 	0 	0 	1 	0 	
359.417 	181.082 	8.31663e+21 	0 	0 	0 	0 	1 	0 	
361 	181.082 	8.39023e+21 	0 	0 	0 	0 	1 	0 	
362.583 	181.082 	8.46415e+21 	0 	0 	0 	0 	1 	0 	
364.167 	181.082 	8.5384e+21 	0 	0 	0 	0 	1 	0 	
365.75 	181.082 	8.61297e+21 	0 	0 	0 	0 	1 	0 	
367.333 	181.082 	8.68786e+21 	0 	0 	0 	0 	1 	0 	
368.917 	181.082 	8.76308e+21 	0 	0 	0 	0 	1 	0 	
370.5 	181.082 	8.83863e+21 	0 	0 	0 	0 	1 	0 	
372.083 	181.082 	8.91449e+21 	0 	0 	0 	0 	1 	0 	
373.667 	181.082 	8.99068e+21 	0 	0 	0 	0 	1 	0 	
375.25 	183.2 	2.28125e+21 	1.95227e+21 	0 	4.64117e+13 	2.10561e+13 	1 	0 	
376.833 	184.089 	0 	2.63067e+21 	0 	0 	0 	1 	0 	
378.417 	184.089 	0 	2.65287e+21 	0 	0 	0 	1 	0 	
380 	184.089 	0 	2.67516e+21 	0 	0 	0 	1 	0 	
381.583 	184.089 	0 	2.69755e+21 	0 	0 	0 	1 	0 	
383.167 	184.089 	0 	2.72003e+21 	0 	0 	0 	1 	0 	
384.75 	184.089 	0 	2.7426e+21 	0 	0 	0 	1 	0 	
386.333 	184.089 	0 	2.76527e+21 	0 	0 	0 	1 	0 	
387.917 	184.089 	0 	2.78803e+21 	0 	0 	0 	1 	0 	
389.5 	184.089 	0 	2.81088e+21 	0 	0 	0 	1 	0 	
391.083 	184.089 	0 	2.83382e+21 	0 	0 	0 	1 	0 	
392.667 	184.089 	0 	2.85686e+21 	0 	0 	0 	1 	0 	
394.25 	184.089 	0 	2.88e+21 	0 	0 	0 	1 	0 	
395.833 	184.089 	0 	2.90322e+21 	0 	0 	0 	1 	0 	
397.417 	184.089 	0 	2.92654e+21 	0 	0 	0 	1 	0 	
399 	184.089 	0 	2.94995e+21 	0 	0 	0 	1 	0 	
400.583 	184.089 	0 	2.97346e+21 	0 	0 	0 	1 	0 	
402.167 	184.089 	0 	2.99706e+21 	0 	0 	0 	1 	0 	
403.75 	184.089 	0 	3.02075e+21 	0 	0 	0 	1 	0 	
405.333 	184.089 	0 	3.04453e+21 	0 	0 	0 	1 	0 	
406.917 	184.089 	0 	3.06841e+21 	0 	0 	0 	1 	0 	
408.5 	184.089 	0 	3.09238e+21 	0 	0 	0 	1 	0 	
410.083 	184.089 	0 	3.11645e+21 	0 	0 	0 	1 	0 	
411.667 	184.089 	0 	3.14061e+21 	0 	0 	0 	1 	0 	
413.25 	184.089 	0 	3.16486e+21 	0 	0 	0 	1 	0 	
414.833 	184.089 	0 	3.18921e+21 	0 	0 	0 	1 	0 	
416.417 	184.089 	0 	3.21364e+21 	0 	0 	0 	1 	0 	
418 	184.089 	0 	3.23817e+21 	0 	0 	0 	1 	0 	
419.583 	184.089 	0 	3.2628e+21 	0 	0 	0 	1 	0 	
421.167 	184.089 	0 	3.28752e+21 	0 	0 	0 	1 	0 	
422.75 	184.089 	0 	3.31233e+21 	0 	0 	0 	1 	0 	
424.333 	184.089 	0 	3.33723e+21 	0 	0 	0 	1 	0 	
425.917 	184.089 	0 	3.36223e+21 	0 	0 	0 	1 	0 	
427.5 	184.089 	0 	3.38732e+21 	0 	0 	0 	1 	0 	
429.083 	184.089 	0 	3.41251e+21 	0 	0 	0 	1 	0 	
430.667 	184.089 	0 	3.43778e+21 	0 	0 	0 	1 	0 	
432.25 	184.089 	0 	3.46316e+21 	0 	0 	0 	1 	0 	
433.833 	184.089 	0 	3.48862e+21 	0 	0 	0 	1 	0 	
435.417 	184.089 	0 	3.51418e+21 	0 	0 	0 	1 	0 	
437 	184.089 	0 	3.53983e+21 	0 	0 	0 	1 	0 	
438.583 	184.089 	0 	3.56557e+21 	0 	0 	0 	1 	0 	
440.167 	184.089 	0 	3.59141e+21 	0 	0 	0 	1 	0 	
441.75 	184.089 	0 	3.61734e+21 	0 	0 	0 	1 	0 	
443.333 	184.089 	0 	3.64336e+21 	0 	0 	0 	1 	0 	
444.917 	184.089 	0 	3.66948e+21 	0 	0 	0 	1 	0 	
446.5 	184.089 	0 	3.69569e+21 	0 	0 	0 	1 	0 	
448.083 	184.089 	0 	3.722e+21 	0 	0 	0 	1 	0 	
449.667 	184.089 	0 	3.74839e+21 	0 	0 	0 	1 	0 	
451.25 	184.089 	0 	3.77488e+21 	0 	0 	0 	1 	0 	
452.833 	184.089 	0 	3.80147e+21 	0 	0 	0 	1 	0 	
454.417 	184.089 	0 	3.82814e+21 	0 	0 	0 	1 	0 	
456 	184.089 	0 	3.85491e+21 	0 	0 	0 	1 	0 	
457.583 	184.089 	0 	3.88178e+21 	0 	0 	0 	1 	0 	
459.167 	184.089 	0 	3.90873e+21 	0 	0 	0 	1 	0 	
460.75 	184.089 	0 	3.93578e+21 	0 	0 	0 	1 	0 	
462.333 	184.089 	0 	3.96293e+21 	0 	0 	0 	1 	0 	
463.917 	184.089 	0 	3.99016e+21 	0 	0 	0 	1 	0 	
465.5 	184.089 	0 	4.01749e+21 	0 	0 	0 	1 	0 	
467.083 	184.089 	0 	4.04492e+21 	0 	0 	0 	1 	0 	
468.667 	184.089 	0 	4.07243e+21 	0 	0 	0 	1 	0 	
470.25 	184.089 	0 	4.10004e+21 	0 	0 	0 	1 	0 	
471.833 	184.089 	0 	4.12775e+21 	0 	0 	0 	1 	0 	
473.417 	184.089 	0 	4.15554e+21 	0 	0 	0 	1 	0 	
475 	168 	7.17331e+21 	2.11973e+21 	6.60351e+11 	0 	0 	1 	0 	
